Selection	View	Channel	Begin Time (s)	End Time (s)	Low Freq (Hz)	High Freq (Hz)
1	Spectrogram 1	1	4.356566874	4.368960569	52171.6	62235.2
2	Spectrogram 1	1	4.374030716	4.379851997	78654.7	85540.3
3	Spectrogram 1	1	4.493021456	4.517996629	53230.9	71239.4
4	Spectrogram 1	1	4.637614558	4.652637218	50582.6	61970.3
5	Spectrogram 1	1	5.531865201	5.558154856	57997.9	72828.4
6	Spectrogram 1	1	5.599279387	5.614114264	49523.3	70974.6
7	Spectrogram 1	1	5.719344807	5.755211408	51112.3	74152.5
8	Spectrogram 1	1	5.854736530	5.880462835	50847.5	68326.3
9	Spectrogram 1	1	8.983932985	9.011161556	61705.5	82891.9
10	Spectrogram 1	1	9.013978305	9.020926285	86334.7	106197.0
11	Spectrogram 1	1	9.034258895	9.060360767	78919.5	108580.5
12	Spectrogram 1	1	9.143548746	9.191621258	49523.3	72033.9
13	Spectrogram 1	1	9.310668550	9.334517022	55614.4	75741.5
14	Spectrogram 1	1	9.332451407	9.339211604	84745.8	99841.1
15	Spectrogram 1	1	9.475758993	9.503175348	51377.1	73622.9
16	Spectrogram 1	1	9.653586974	9.682881161	54025.4	78125.0
17	Spectrogram 1	1	10.092754266	10.123362935	49788.1	65678.0
18	Spectrogram 1	1	10.252745594	10.267768253	52701.3	70709.7
19	Spectrogram 1	1	10.264575938	10.270960569	77595.3	90836.9
20	Spectrogram 1	1	11.081435447	11.110917417	59851.7	82097.5
21	Spectrogram 1	1	11.219456135	11.233164312	58792.4	67266.9
22	Spectrogram 1	1	14.987632294	15.007537318	57733.1	71769.1
23	Spectrogram 1	1	15.112508154	15.126404115	61175.8	78654.7
24	Spectrogram 1	1	16.750840373	16.760041752	57733.1	69650.4
25	Spectrogram 1	1	17.597541850	17.613127860	52171.6	73887.7
26	Spectrogram 1	1	17.752338107	17.788955841	52436.4	66737.3
27	Spectrogram 1	1	17.892799977	17.909512686	49788.1	63294.5
28	Spectrogram 1	1	18.023231704	18.042573378	52171.6	72563.6
29	Spectrogram 1	1	18.040132196	18.056281555	77595.3	101430.1
30	Spectrogram 1	1	18.071679782	18.077313279	81567.8	99311.4
31	Spectrogram 1	1	18.080881161	18.087078008	83421.6	99311.4
32	Spectrogram 1	1	18.187542046	18.213080568	48993.6	59851.7
33	Spectrogram 1	1	18.326292787	18.339062048	53495.8	63029.7
34	Spectrogram 1	1	18.473327071	18.481965101	54290.3	67266.9
35	Spectrogram 1	1	18.626917221	18.641376531	53230.9	63029.7
36	Spectrogram 1	1	22.459225004	22.471618698	51112.3	60381.4
37	Spectrogram 1	1	22.607010420	22.621094164	52436.4	68591.1
38	Spectrogram 1	1	23.079369831	23.103593870	48993.6	69650.4
39	Spectrogram 1	1	23.319385791	23.336098500	52966.1	69120.8
40	Spectrogram 1	1	23.334408451	23.339103032	78919.5	89247.9
41	Spectrogram 1	1	23.477252195	23.511053180	44756.4	67002.1
42	Spectrogram 1	1	23.758225004	23.778693378	57733.1	77330.5
43	Spectrogram 1	1	23.893053376	23.921220864	51377.1	78654.7
44	Spectrogram 1	1	24.025630126	24.037836037	56144.1	66472.5
45	Spectrogram 1	1	27.226127860	27.243216136	44226.7	62235.2
46	Spectrogram 1	1	27.242840569	27.255234264	69650.4	88188.6
47	Spectrogram 1	1	27.387458107	27.410555446	43697.0	58792.4
48	Spectrogram 1	1	27.541258895	27.565295151	50582.6	64089.0
49	Spectrogram 1	1	27.692424411	27.708573770	46875.0	69120.8
50	Spectrogram 1	1	27.705381455	27.711202736	73887.7	83156.8
51	Spectrogram 1	1	27.849704610	27.869421851	45286.0	61175.8
52	Spectrogram 1	1	27.869234068	27.875806481	77330.5	88983.1
53	Spectrogram 1	1	28.130277219	28.136849633	54819.9	65413.1
54	Spectrogram 1	1	28.273430915	28.298969437	51641.9	61440.7
55	Spectrogram 1	1	28.299908353	28.304790717	59586.9	69120.8
56	Spectrogram 1	1	29.631498699	29.640136728	56144.1	65942.8
57	Spectrogram 1	1	29.644643526	29.651967073	55879.2	66737.3
58	Spectrogram 1	1	29.655534954	29.663421851	73887.7	82891.9
59	Spectrogram 1	1	30.055901457	30.081064412	54025.4	72033.9
60	Spectrogram 1	1	30.326371999	30.348530422	53230.9	70974.6
61	Spectrogram 1	1	30.452374559	30.471904017	57203.4	74947.0
62	Spectrogram 1	1	30.753901457	30.786387959	52171.6	70709.7
63	Spectrogram 1	1	30.780378895	30.789016924	78654.7	99841.1
64	Spectrogram 1	1	30.901686874	30.921404115	48993.6	60646.2
65	Spectrogram 1	1	31.383383427	31.393148156	59586.9	70709.7
66	Spectrogram 1	1	35.148770225	35.163041752	50847.5	61705.5
67	Spectrogram 1	1	35.732939881	35.751154856	54555.1	72033.9
68	Spectrogram 1	1	36.071182048	36.105358599	52966.1	99046.6
69	Spectrogram 1	1	36.108363131	36.116062244	50317.8	99311.4
70	Spectrogram 1	1	36.119442343	36.126202540	50582.6	95868.6
72	Spectrogram 1	1	36.237794823	36.271408024	49258.5	56144.1
73	Spectrogram 1	1	37.971360767	37.996711506	58792.4	77330.5
74	Spectrogram 1	1	37.950892393	37.956901457	88453.4	99841.1
75	Spectrogram 1	1	38.097738894	38.120272883	46080.5	58792.4
76	Spectrogram 1	1	38.265600570	38.280059880	52966.1	67266.9
77	Spectrogram 1	1	38.815547942	38.822308139	59322.0	67002.1
78	Spectrogram 1	1	38.948874049	38.954883113	60381.4	69120.8
79	Spectrogram 1	1	39.757976137	39.770182048	57468.2	67002.1
80	Spectrogram 1	1	39.877030716	39.895057908	52966.1	70444.9
81	Spectrogram 1	1	39.905949337	39.905949337	53495.8	53495.8
82	Spectrogram 1	1	40.018433279	40.036084904	52436.4	67796.6
83	Spectrogram 1	1	40.161548550	40.192532786	54555.1	69120.8
84	Spectrogram 1	1	40.310085100	40.330553474	52171.6	63294.5
85	Spectrogram 1	1	40.478844627	40.485229258	62500.0	72298.7
86	Spectrogram 1	1	40.453869455	40.477530145	51112.3	61175.8
87	Spectrogram 1	1	41.025799585	41.032935349	73622.9	87129.2
88	Spectrogram 1	1	41.036315447	41.043826777	78125.0	89247.9
89	Spectrogram 1	1	41.046455743	41.053215940	77595.3	90836.9
90	Spectrogram 1	1	41.016222640	41.022043920	51641.9	61440.7
91	Spectrogram 1	1	41.308354067	41.343469535	51641.9	67266.9
92	Spectrogram 1	1	41.984265791	42.006424215	48728.8	63824.2
93	Spectrogram 1	1	42.245953477	42.265107368	55879.2	70444.9
94	Spectrogram 1	1	43.494317615	43.509903625	61440.7	76006.4
95	Spectrogram 1	1	43.638535150	43.680410815	49258.5	71769.1
96	Spectrogram 1	1	43.833686482	43.850211408	55879.2	71769.1
97	Spectrogram 1	1	44.010766085	44.052641750	40783.9	61705.5
98	Spectrogram 1	1	44.361154856	44.385566678	46875.0	69120.8
99	Spectrogram 1	1	44.386505594	44.393829141	78389.8	90836.9
100	Spectrogram 1	1	44.902935741	44.925094164	42637.7	56144.1
101	Spectrogram 1	1	45.257722738	45.269928649	45815.7	56408.9
102	Spectrogram 1	1	55.288428943	55.307395051	43697.0	64883.5
103	Spectrogram 1	1	55.304014952	55.329365691	73093.2	88453.4
104	Spectrogram 1	1	55.486078008	55.500349535	64618.6	86864.4
105	Spectrogram 1	1	55.469740866	55.490772589	45550.8	63824.2
106	Spectrogram 1	1	55.647451211	55.664351703	45550.8	58262.7
107	Spectrogram 1	1	55.924547899	55.941636174	60646.2	94014.8
108	Spectrogram 1	1	55.944640706	55.951213120	58792.4	98781.8
109	Spectrogram 1	1	55.956471051	55.963231248	58527.5	101430.1
110	Spectrogram 1	1	55.966423563	55.972620410	58262.7	96928.0
111	Spectrogram 1	1	56.061254104	56.102941985	47934.3	70180.1
112	Spectrogram 1	1	58.556860230	58.562493728	72298.7	82097.5
113	Spectrogram 1	1	58.750973273	58.762240268	18538.1	26218.2
114	Spectrogram 1	1	58.875661350	58.897068641	50317.8	76800.8
115	Spectrogram 1	1	58.897068641	58.910964601	81038.1	99841.1
116	Spectrogram 1	1	59.857342639	59.867482935	81832.6	94809.3
117	Spectrogram 1	1	59.840629930	59.858657122	50582.6	72033.9
118	Spectrogram 1	1	60.013014952	60.019775149	78125.0	89777.5
119	Spectrogram 1	1	59.990480963	60.010949337	48993.6	63824.2
120	Spectrogram 1	1	60.153710408	60.174929915	44491.5	65148.3
121	Spectrogram 1	1	60.172864299	60.179248930	73358.1	86334.7
122	Spectrogram 1	1	60.324968731	60.347314937	45286.0	68326.3
123	Spectrogram 1	1	61.548761161	61.555521358	67531.8	76536.0
124	Spectrogram 1	1	61.585003328	61.591012392	82891.9	91101.7
125	Spectrogram 1	1	61.605659486	61.630259091	55084.7	77595.3
126	Spectrogram 1	1	61.751863229	61.766510322	53230.9	65413.1
127	Spectrogram 1	1	61.871046284	61.904283919	55879.2	74682.2
128	Spectrogram 1	1	62.031788745	62.055637218	47934.3	67796.6
129	Spectrogram 1	1	62.299903821	62.326381259	52436.4	70974.6
130	Spectrogram 1	1	63.518822441	63.539478599	50847.5	65148.3
131	Spectrogram 1	1	69.134912374	69.146179369	51377.1	60381.4
132	Spectrogram 1	1	70.118663822	70.128804117	51641.9	65413.1
133	Spectrogram 1	1	70.171618698	70.181571210	57733.1	69385.6
134	Spectrogram 1	1	70.559421851	70.567496531	48993.6	56408.9
135	Spectrogram 1	1	70.677537514	70.692184608	48464.0	63029.7
136	Spectrogram 1	1	70.821071308	70.850177712	42637.7	58262.7
137	Spectrogram 1	1	71.892345003	71.900231900	52966.1	60116.5
138	Spectrogram 1	1	72.015718598	72.032994656	50847.5	65148.3
139	Spectrogram 1	1	72.165740866	72.174942245	53760.6	63294.5
140	Spectrogram 1	1	72.586317811	72.619367663	47404.7	61970.3
141	Spectrogram 1	1	72.776998797	72.785636826	52171.6	61705.5
142	Spectrogram 1	1	72.785261259	72.792209240	74152.5	85805.1
143	Spectrogram 1	1	75.361609634	75.371186580	47934.3	58262.7
144	Spectrogram 1	1	75.369120964	75.374378895	75211.9	83156.8
145	Spectrogram 1	1	76.171810878	76.216127725	43167.4	56938.6
146	Spectrogram 1	1	77.550770225	77.566168452	50582.6	62235.2
147	Spectrogram 1	1	78.110002894	78.117138658	56144.1	65413.1
148	Spectrogram 1	1	79.211485299	79.229700274	55084.7	75741.5
149	Spectrogram 1	1	86.141991604	86.167342343	45815.7	61705.5
150	Spectrogram 1	1	86.417489831	86.447535150	45815.7	70180.1
151	Spectrogram 1	1	86.583078008	86.597161752	50053.0	71239.4
152	Spectrogram 1	1	86.594345003	86.600354067	75476.7	86864.4
153	Spectrogram 1	1	88.362473871	88.374491999	57997.9	67531.8
154	Spectrogram 1	1	88.616218108	88.628611802	50317.8	67002.1
155	Spectrogram 1	1	88.947643526	88.970177516	52171.6	64883.5
156	Spectrogram 1	1	89.114582834	89.129229928	48993.6	72563.6
157	Spectrogram 1	1	89.124159780	89.130732194	80773.3	94014.8
158	Spectrogram 1	1	90.689190916	90.694448847	86334.7	97192.8
159	Spectrogram 1	1	90.699518994	90.705715842	81303.0	91896.2
160	Spectrogram 1	1	90.679801753	90.685435251	86864.4	97457.6
161	Spectrogram 1	1	90.662713478	90.676233872	83951.3	92955.5
162	Spectrogram 1	1	91.278720766	91.307827169	54025.4	61705.5
163	Spectrogram 1	1	98.141043695	98.149493942	19862.3	26483.1
164	Spectrogram 1	1	98.183482710	98.192871872	18273.3	26218.2
165	Spectrogram 1	1	100.069430915	100.079007860	19862.3	24364.4
166	Spectrogram 1	1	100.084829141	100.097410619	20391.9	25688.6
167	Spectrogram 1	1	120.918695742	120.930526086	56408.9	68591.1
168	Spectrogram 1	1	140.315711310	140.331485103	53230.9	70444.9
169	Spectrogram 1	1	147.337761161	147.358229536	51112.3	69650.4
170	Spectrogram 1	1	175.764953281	175.785233872	20921.6	29925.8
171	Spectrogram 1	1	226.013230658	226.025436569	36546.6	48728.8
172	Spectrogram 1	1	226.006658244	226.017549672	51377.1	64883.5
