Selection	View	Channel	Begin Time (s)	End Time (s)	Low Freq (Hz)	High Freq (Hz)
1	Spectrogram 1	1	11.352840161	11.367693081	59177.2	83544.3
2	Spectrogram 1	1	11.499284746	11.523518458	46519.0	57278.5
3	Spectrogram 1	1	11.069331846	11.082621301	65822.8	78481.0
4	Spectrogram 1	1	12.150467781	12.185906329	48417.7	59810.1
5	Spectrogram 1	1	12.735985448	12.757092230	56012.7	67721.5
6	Spectrogram 1	1	12.890247360	12.901712772	56012.7	66139.2
7	Spectrogram 1	1	13.434593774	13.446840919	54430.4	64873.4
8	Spectrogram 1	1	13.554198871	13.584165289	47151.9	58544.3
9	Spectrogram 1	1	14.245250415	14.259061025	76265.8	91455.7
10	Spectrogram 1	1	14.230658072	14.246813880	58227.8	68354.4
11	Spectrogram 1	1	15.755297114	15.763635596	73734.2	83227.8
12	Spectrogram 1	1	19.298108847	19.307229061	68987.3	81962.0
13	Spectrogram 1	1	28.600986681	28.643460822	49367.1	61708.9
14	Spectrogram 1	1	29.248000508	29.270410177	70253.2	82911.4
15	Spectrogram 1	1	29.229238924	29.245394732	52848.1	64873.4
16	Spectrogram 1	1	29.280833279	29.291256381	53481.0	61392.4
17	Spectrogram 1	1	29.386888344	29.408776858	48417.7	60126.6
18	Spectrogram 1	1	29.649289908	29.691764049	46519.0	64240.5
19	Spectrogram 1	1	29.694109247	29.700884264	64557.0	83544.3
20	Spectrogram 1	1	30.452910956	30.474278315	51265.8	64557.0
21	Spectrogram 1	1	30.990742930	31.039470933	55063.3	64240.5
22	Spectrogram 1	1	31.134581740	31.159076030	54430.4	64873.4
23	Spectrogram 1	1	31.570788469	31.596846224	56329.1	68038.0
24	Spectrogram 1	1	32.065103913	32.078132791	51582.3	62025.3
25	Spectrogram 1	1	32.076569325	32.100803038	66772.2	81329.1
26	Spectrogram 1	1	32.187054176	32.220929258	45253.2	55379.7
27	Spectrogram 1	1	32.412453696	32.440335494	54430.4	60126.6
28	Spectrogram 1	1	32.642543676	32.674334137	47151.9	62341.8
29	Spectrogram 1	1	35.024221703	35.067217000	62974.7	77531.6
30	Spectrogram 1	1	35.071386241	35.080767033	55063.3	60759.5
31	Spectrogram 1	1	35.476323727	35.493000690	49050.6	58227.8
32	Spectrogram 1	1	35.594365152	35.624070993	49367.1	61708.9
35	Spectrogram 1	1	35.773121354	35.814553185	51265.8	60759.5
36	Spectrogram 1	1	36.522021115	36.537916346	70253.2	79430.4
37	Spectrogram 1	1	36.929303767	36.974123106	63607.6	78481.0
38	Spectrogram 1	1	37.097376289	37.122131157	48734.2	57911.4
39	Spectrogram 1	1	37.119264804	37.138026388	60126.6	75632.9
40	Spectrogram 1	1	38.034934199	38.068809281	66772.2	84493.7
41	Spectrogram 1	1	39.495731566	39.515796038	43670.9	53164.6
42	Spectrogram 1	1	39.751358114	39.774549516	70569.6	86392.4
43	Spectrogram 1	1	39.781324533	39.787057239	62974.7	77531.6
44	Spectrogram 1	1	39.892851726	39.930635471	50632.9	61708.9
45	Spectrogram 1	1	40.542210861	40.557584937	58860.8	68038.0
46	Spectrogram 1	1	40.876792376	40.894772227	62974.7	79746.8
47	Spectrogram 1	1	40.867411584	40.880961617	46519.0	56012.7
48	Spectrogram 1	1	40.998742671	41.037308149	55379.7	68038.0
49	Spectrogram 1	1	41.242643230	41.271567338	49683.5	60759.5
50	Spectrogram 1	1	41.983465086	42.000663205	65189.9	81962.0
51	Spectrogram 1	1	41.971999674	41.990240103	50949.4	60759.5
52	Spectrogram 1	1	43.760864324	43.793697096	64873.4	84177.2
53	Spectrogram 1	1	44.593409480	44.612171064	68038.0	77848.1
54	Spectrogram 1	1	46.004176131	46.044826229	53481.0	62658.2
55	Spectrogram 1	1	47.752911837	47.769328223	58860.8	70253.2
56	Spectrogram 1	1	48.945575108	48.956779943	70886.1	79113.9
57	Spectrogram 1	1	49.518324475	49.533177396	66455.7	79113.9
58	Spectrogram 1	1	51.440083677	51.474219337	52215.2	62341.8
59	Spectrogram 1	1	51.691019798	51.703527520	56962.0	63607.6
60	Spectrogram 1	1	51.703788098	51.711084269	68987.3	81962.0
61	Spectrogram 1	1	51.827562436	51.896094332	42405.1	53481.0
62	Spectrogram 1	1	55.064716872	55.091816938	61392.4	70569.6
63	Spectrogram 1	1	55.215070121	55.253635599	43670.9	53797.5
64	Spectrogram 1	1	55.252853866	55.259107727	61075.9	72468.4
65	Spectrogram 1	1	55.597076750	55.620268153	57594.9	64873.4
66	Spectrogram 1	1	55.616359489	55.636684539	63924.1	83860.8
67	Spectrogram 1	1	55.974653594	55.994457488	54113.9	66455.7
68	Spectrogram 1	1	56.080708626	56.093998081	46202.5	56329.1
69	Spectrogram 1	1	56.090871151	56.129436629	54430.4	81012.7
70	Spectrogram 1	1	56.411120900	56.437960388	41455.7	53481.0
71	Spectrogram 1	1	56.548705848	56.568249165	44303.8	55379.7
72	Spectrogram 1	1	56.846024773	56.869216175	48101.3	58860.8
73	Spectrogram 1	1	56.865046934	56.884329673	61708.9	79113.9
74	Spectrogram 1	1	57.075333020	57.100609043	52215.2	66139.2
75	Spectrogram 1	1	57.655117949	57.693683427	45886.1	56012.7
76	Spectrogram 1	1	57.891201213	57.909181064	43670.9	50316.5
77	Spectrogram 1	1	58.610916288	58.621339390	66139.2	81962.0
78	Spectrogram 1	1	58.604141271	58.614564374	54746.8	61708.9
79	Spectrogram 1	1	66.830051665	66.867314255	49367.1	57278.5
80	Spectrogram 1	1	67.193817898	67.206846776	54113.9	64557.0
81	Spectrogram 1	1	67.308471957	67.351206676	51898.7	68354.4
82	Spectrogram 1	1	70.070853473	70.082579463	64240.5	81645.6
83	Spectrogram 1	1	71.742979093	71.801087887	58860.8	68038.0
84	Spectrogram 1	1	71.736725232	71.746887756	74683.5	83227.8
85	Spectrogram 1	1	72.383738773	72.411359993	51898.7	63607.6
86	Spectrogram 1	1	72.407711908	72.423085983	69303.8	85126.6
87	Spectrogram 1	1	72.746202118	72.781640665	49050.6	58227.8
89	Spectrogram 1	1	72.778253157	72.794669543	30696.2	37341.8
90	Spectrogram 1	1	73.019808517	73.047169160	51582.3	64240.5
91	Spectrogram 1	1	73.277259108	73.292112029	59493.7	72784.8
92	Spectrogram 1	1	75.614638666	75.694375397	43038.0	57594.9
93	Spectrogram 1	1	76.774729632	76.803914318	68354.4	85759.5
94	Spectrogram 1	1	76.918829019	76.961563738	47151.9	64873.4
95	Spectrogram 1	1	77.076478375	77.107747681	44303.8	56645.6
96	Spectrogram 1	1	77.342006902	77.366501192	51898.7	66139.2
97	Spectrogram 1	1	77.363113684	77.383438733	67405.1	92405.1
98	Spectrogram 1	1	77.478028321	77.495487017	51265.8	60759.5
99	Spectrogram 1	1	77.897818696	77.935081286	44936.7	57594.9
100	Spectrogram 1	1	78.170903972	78.211814648	61708.9	75632.9
101	Spectrogram 1	1	79.457635740	79.473791548	55063.3	62974.7
102	Spectrogram 1	1	79.204875513	79.220249588	56645.6	75000.0
103	Spectrogram 1	1	83.869213019	83.886932292	72468.4	85759.5
104	Spectrogram 1	1	84.507106774	84.524304893	62974.7	75632.9
105	Spectrogram 1	1	84.538636658	84.556095354	41139.2	54430.4
106	Spectrogram 1	1	84.487563458	84.510494282	45253.2	50949.4
107	Spectrogram 1	1	84.535509727	84.541763589	62341.8	72468.4
108	Spectrogram 1	1	85.195813152	85.207539142	57594.9	64873.4
109	Spectrogram 1	1	85.449094535	85.476976333	45569.6	58860.8
110	Spectrogram 1	1	85.662246909	85.686741199	44936.7	54430.4
111	Spectrogram 1	1	85.781070274	85.805303986	43670.9	57911.4
112	Spectrogram 1	1	85.802437633	85.812079003	62658.2	77215.2
113	Spectrogram 1	1	85.906929168	85.930641726	45253.2	54113.9
114	Spectrogram 1	1	86.966958496	87.005784552	44303.8	56329.1
115	Spectrogram 1	1	87.338802633	87.380755620	64240.5	80063.3
116	Spectrogram 1	1	87.378410422	87.396650850	56012.7	61708.9
117	Spectrogram 1	1	88.591398742	88.604688197	69620.3	92721.5
118	Spectrogram 1	1	88.622928626	88.664360457	59810.1	93670.9
119	Spectrogram 1	1	88.833475257	88.887414811	60126.6	84493.7
120	Spectrogram 1	1	88.895492715	88.903831197	57278.5	68354.4
121	Spectrogram 1	1	88.974187136	89.039852680	39557.0	59810.1
122	Spectrogram 1	1	89.250399279	89.279583965	43038.0	51898.7
123	Spectrogram 1	1	89.375737082	89.395540976	44620.3	53164.6
124	Spectrogram 1	1	89.495342147	89.514624886	41455.7	53164.6
125	Spectrogram 1	1	89.603742410	89.623806881	43670.9	53481.0
126	Spectrogram 1	1	89.733249422	89.746538877	50316.5	58227.8
127	Spectrogram 1	1	91.219322954	91.235478762	66139.2	79746.8
128	Spectrogram 1	1	91.334498233	91.354302127	53481.0	65189.9
129	Spectrogram 1	1	91.349090576	91.358992523	64873.4	85759.5
130	Spectrogram 1	1	92.481560432	92.503188369	67405.1	84177.2
131	Spectrogram 1	1	92.473221950	92.489638336	51582.3	59810.1
132	Spectrogram 1	1	93.183556265	93.204663047	49050.6	57278.5
133	Spectrogram 1	1	94.480971745	94.513804517	62658.2	80379.7
134	Spectrogram 1	1	94.863499498	94.905973639	46202.5	51265.8
135	Spectrogram 1	1	94.988055568	95.021670073	44936.7	57594.9
136	Spectrogram 1	1	95.023754693	95.031832597	61708.9	81962.0
137	Spectrogram 1	1	95.229350319	95.279641787	43354.4	55696.2
138	Spectrogram 1	1	95.517809671	95.537874143	56012.7	85443.0
139	Spectrogram 1	1	95.492794226	95.519373136	50000.0	59810.1
140	Spectrogram 1	1	95.639238779	95.703340857	41139.2	56329.1
141	Spectrogram 1	1	96.031147356	96.050690672	44620.3	58227.8
142	Spectrogram 1	1	96.231270917	96.256546939	45253.2	55696.2
143	Spectrogram 1	1	97.655848146	97.672264532	68670.9	91455.7
144	Spectrogram 1	1	98.205666721	98.219737909	61392.4	72784.8
145	Spectrogram 1	1	98.198370549	98.208533074	49367.1	55379.7
146	Spectrogram 1	1	98.491520265	98.534776139	43038.0	54113.9
147	Spectrogram 1	1	104.205203387	104.239860202	62341.8	86708.9
148	Spectrogram 1	1	104.310216142	104.337837362	44303.8	55063.3
149	Spectrogram 1	1	105.497667861	105.515908290	55063.3	66772.2
150	Spectrogram 1	1	105.614667183	105.632907612	48734.2	57278.5
151	Spectrogram 1	1	106.124356782	106.142076056	48101.3	58860.8
152	Spectrogram 1	1	106.245264767	106.274188875	45886.1	58544.3
153	Spectrogram 1	1	106.500109582	106.530336579	53164.6	64873.4
154	Spectrogram 1	1	106.843811312	106.872735420	53481.0	62974.7
155	Spectrogram 1	1	106.871171955	106.879771014	68354.4	79113.9
156	Spectrogram 1	1	108.580560418	108.602188355	69303.8	81012.7
157	Spectrogram 1	1	108.815080217	108.832799490	52848.1	62341.8
158	Spectrogram 1	1	109.048036518	109.073051963	55696.2	66455.7
159	Spectrogram 1	1	109.472256679	109.482158626	47151.9	54113.9
160	Spectrogram 1	1	109.479813428	109.508476959	32594.9	39240.5
161	Spectrogram 1	1	109.887096080	109.914977879	47468.4	57278.5
162	Spectrogram 1	1	110.112235087	110.129433205	58227.8	73101.3
163	Spectrogram 1	1	109.911069215	109.919928852	66139.2	75316.5
164	Spectrogram 1	1	110.229234376	110.288906636	50949.4	66772.2
165	Spectrogram 1	1	110.372812608	110.391313615	57278.5	68670.9
166	Spectrogram 1	1	110.522123483	110.551308169	56645.6	70569.6
167	Spectrogram 1	1	110.668828645	110.705570080	57278.5	72468.4
168	Spectrogram 1	1	114.829990959	114.849013121	45253.2	57278.5
169	Spectrogram 1	1	114.953504720	114.976696122	44620.3	56645.6
170	Spectrogram 1	1	115.081708876	115.092913711	43987.3	56645.6
171	Spectrogram 1	1	116.878130068	116.919040744	70253.2	91772.2
172	Spectrogram 1	1	117.123854701	117.163201912	55696.2	68987.3
173	Spectrogram 1	1	117.282546367	117.310428165	55696.2	67088.6
174	Spectrogram 1	1	117.619473112	117.645530867	56645.6	70569.6
175	Spectrogram 1	1	118.579440660	118.592469537	67088.6	80379.7
176	Spectrogram 1	1	120.767770635	120.789398572	52215.2	62341.8
177	Spectrogram 1	1	120.881643026	120.892326706	50000.0	56329.1
178	Spectrogram 1	1	121.697511186	121.729301648	46519.0	55379.7
179	Spectrogram 1	1	122.007077288	122.079517848	55063.3	69620.3
180	Spectrogram 1	1	122.198080635	122.211370090	57594.9	69303.8
181	Spectrogram 1	1	122.561325649	122.607447876	50000.0	68670.9
182	Spectrogram 1	1	123.414717041	123.441035374	45886.1	62025.3
183	Spectrogram 1	1	123.805062152	123.846754561	51898.7	70886.1
184	Spectrogram 1	1	123.968444246	123.998671242	59810.1	67405.1
185	Spectrogram 1	1	127.047428172	127.073485927	62658.2	85443.0
186	Spectrogram 1	1	127.029187743	127.051076258	50632.9	63607.6
187	Spectrogram 1	1	126.652653210	126.672717682	56012.7	68670.9
189	Spectrogram 1	1	126.205502192	126.223482043	51898.7	69303.8
190	Spectrogram 1	1	126.151302061	126.163549206	54430.4	62974.7
191	Spectrogram 1	1	127.440118449	127.454710792	60759.5	76898.7
192	Spectrogram 1	1	127.408849143	127.443505957	47784.8	58227.8
193	Spectrogram 1	1	128.105894003	128.124395009	57911.4	72468.4
194	Spectrogram 1	1	128.091041082	128.100421874	55063.3	63924.1
195	Spectrogram 1	1	128.391747547	128.438651507	45569.6	57594.9
196	Spectrogram 1	1	131.408713554	131.428517449	62974.7	83227.8
197	Spectrogram 1	1	131.578870697	131.592941885	72468.4	86392.4
198	Spectrogram 1	1	133.980873917	133.996247992	72784.8	81012.7
199	Spectrogram 1	1	134.093703997	134.145819508	54113.9	68670.9
200	Spectrogram 1	1	134.870224836	134.887422955	70569.6	81962.0
201	Spectrogram 1	1	137.177117138	137.194054679	62025.3	70569.6
202	Spectrogram 1	1	137.445512018	137.459843784	67721.5	81962.0
203	Spectrogram 1	1	137.709477016	137.729020333	68987.3	83544.3
204	Spectrogram 1	1	137.704526042	137.715730877	54113.9	62974.7
205	Spectrogram 1	1	137.834814819	137.874162030	42405.1	53164.6
206	Spectrogram 1	1	138.004711320	138.033114274	60443.0	79113.9
207	Spectrogram 1	1	137.983604538	138.007317096	47151.9	54113.9
208	Spectrogram 1	1	138.266852339	138.277275441	63924.1	81962.0
209	Spectrogram 1	1	138.228547439	138.266331184	47784.8	60126.6
210	Spectrogram 1	1	138.380985101	138.429713103	40506.3	49683.5
211	Spectrogram 1	1	138.892498807	138.921422915	61708.9	84177.2
212	Spectrogram 1	1	138.867483361	138.890935341	50949.4	60443.0
213	Spectrogram 1	1	139.022005819	139.058747254	48734.2	58227.8
214	Spectrogram 1	1	139.644264778	139.665371560	51898.7	64873.4
215	Spectrogram 1	1	139.660420586	139.678661015	68987.3	91455.7
216	Spectrogram 1	1	139.766475651	139.793315139	53481.0	64557.0
217	Spectrogram 1	1	141.887576157	141.903471387	44303.8	53481.0
218	Spectrogram 1	1	142.130434405	142.143202705	63291.1	75949.4
219	Spectrogram 1	1	142.170042193	142.178901829	68354.4	78797.5
220	Spectrogram 1	1	142.404822504	142.455374550	47784.8	62974.7
221	Spectrogram 1	1	142.459543791	142.466839962	57911.4	70569.6
222	Spectrogram 1	1	142.786829166	142.803506130	62341.8	80063.3
223	Spectrogram 1	1	142.763377186	142.786829166	52848.1	62025.3
224	Spectrogram 1	1	142.907476573	142.936661259	54430.4	62658.2
225	Spectrogram 1	1	143.299645696	143.318146702	67088.6	81329.1
226	Spectrogram 1	1	145.091636990	145.134892864	50316.5	58544.3
227	Spectrogram 1	1	144.991054055	145.001216579	59810.1	78797.5
228	Spectrogram 1	1	146.635558739	146.685068475	55379.7	68670.9
229	Spectrogram 1	1	146.686371362	146.739789761	41772.2	57594.9
230	Spectrogram 1	1	146.963104724	146.991768255	40189.9	51898.7
231	Spectrogram 1	1	153.114035775	153.126022342	57911.4	74683.5
232	Spectrogram 1	1	153.236507225	153.251360146	58227.8	72784.8
233	Spectrogram 1	1	153.215400443	153.241979354	44936.7	52215.2
234	Spectrogram 1	1	153.358196911	153.396501811	49050.6	59810.1
235	Spectrogram 1	1	154.574833174	154.609489988	45886.1	60443.0
236	Spectrogram 1	1	154.611835186	154.619131358	58227.8	76898.7
237	Spectrogram 1	1	154.853390546	154.873194441	48417.7	60126.6
238	Spectrogram 1	1	154.836453005	154.854954012	32594.9	38924.1
239	Spectrogram 1	1	154.826811636	154.837755893	52531.6	57594.9
240	Spectrogram 1	1	155.063676600	155.089473778	53481.0	63607.6
241	Spectrogram 1	1	155.300020409	155.323993544	40506.3	47784.8
242	Spectrogram 1	1	155.432654384	155.462360225	42721.5	53164.6
243	Spectrogram 1	1	155.775574349	155.802934992	45886.1	57911.4
244	Spectrogram 1	1	156.096866440	156.115888602	49367.1	58860.8
245	Spectrogram 1	1	156.573723300	156.590660841	56962.0	67088.6
246	Spectrogram 1	1	159.103149229	159.119826192	56329.1	74683.5
247	Spectrogram 1	1	160.982434257	160.998068911	62025.3	75632.9
248	Spectrogram 1	1	160.975398664	160.985300611	50316.5	56012.7
249	Spectrogram 1	1	161.841297746	161.902533471	44303.8	55379.7
250	Spectrogram 1	1	162.892467438	162.927645407	49683.5	63607.6
251	Spectrogram 1	1	163.259881724	163.274213490	53164.6	63924.1
252	Spectrogram 1	1	163.499352496	163.532445845	64873.4	84177.2
253	Spectrogram 1	1	164.785823654	164.824128555	35759.5	45253.2
254	Spectrogram 1	1	165.241313154	165.269976685	44620.3	51265.8
255	Spectrogram 1	1	165.269455530	165.287174803	57594.9	73101.3
256	Spectrogram 1	1	168.556640857	168.578529371	66139.2	77848.1
257	Spectrogram 1	1	168.954021562	168.968353328	48734.2	58860.8
258	Spectrogram 1	1	169.680251108	169.693801141	60443.0	73101.3
259	Spectrogram 1	1	169.673997247	169.685202082	43670.9	55063.3
260	Spectrogram 1	1	171.172317956	171.216876718	44936.7	58860.8
261	Spectrogram 1	1	171.674450806	171.705720113	62974.7	73734.2
262	Spectrogram 1	1	173.140199353	173.153749386	60759.5	74367.1
263	Spectrogram 1	1	173.120916614	173.139938776	43670.9	53164.6
264	Spectrogram 1	1	173.465139531	173.491718441	44303.8	56329.1
265	Spectrogram 1	1	173.493281874	173.508655950	66772.2	74367.1
266	Spectrogram 1	1	173.627218737	173.641029347	48101.3	58860.8
267	Spectrogram 1	1	173.609499463	173.630866823	27215.2	36075.9
268	Spectrogram 1	1	173.990724328	174.012873420	48101.3	57278.5
269	Spectrogram 1	1	174.337813598	174.367780016	27215.2	34810.1
270	Spectrogram 1	1	174.688029766	174.698192290	56012.7	66772.2
271	Spectrogram 1	1	174.790436744	174.807374285	51898.7	59810.1
272	Spectrogram 1	1	174.814931034	174.820403163	51582.3	63607.6
273	Spectrogram 1	1	176.076907903	176.138404205	63924.1	77215.2
274	Spectrogram 1	1	176.135537852	176.151693661	49683.5	59493.7
275	Spectrogram 1	1	176.218662092	176.272601646	40189.9	50316.5
276	Spectrogram 1	1	176.353380687	176.374226891	44936.7	54430.4
277	Spectrogram 1	1	176.373966314	176.403932733	58860.8	78797.5
278	Spectrogram 1	1	176.484972288	176.526664696	43354.4	51898.7
279	Spectrogram 1	1	176.697082416	176.728091145	37025.3	50000.0
280	Spectrogram 1	1	176.917791540	176.944631028	53481.0	66139.2
281	Spectrogram 1	1	176.941764675	176.951927200	62025.3	87658.2
282	Spectrogram 1	1	177.135894953	177.171072922	51898.7	67088.6
283	Spectrogram 1	1	177.341751188	177.351131980	44620.3	56329.1
284	Spectrogram 1	1	177.621350839	177.662261515	53797.5	63607.6
285	Spectrogram 1	1	178.094299035	178.155013605	41772.2	55063.3
286	Spectrogram 1	1	179.761213390	179.793003851	40189.9	52215.2
287	Spectrogram 1	1	179.905833932	179.915735879	71835.4	85759.5
288	Spectrogram 1	1	179.898016605	179.909221440	56645.6	62025.3
289	Spectrogram 1	1	180.124197890	180.146868137	45886.1	60443.0
290	Spectrogram 1	1	180.144522939	180.161981635	62341.8	77848.1
291	Spectrogram 1	1	177.829552272	177.841017685	47468.4	53481.0
292	Spectrogram 1	1	177.854828295	177.867857173	29746.8	39240.5
293	Spectrogram 1	1	180.989054662	181.016675883	52215.2	62658.2
294	Spectrogram 1	1	180.793621497	180.805347487	54113.9	60443.0
295	Spectrogram 1	1	181.503695235	181.528710680	48101.3	57594.9
296	Spectrogram 1	1	182.824823208	182.875635831	46519.0	57911.4
297	Spectrogram 1	1	182.952766786	182.981690895	45253.2	57594.9
298	Spectrogram 1	1	183.622190426	183.629747175	62341.8	71202.5
299	Spectrogram 1	1	184.061002962	184.069862599	68354.4	82911.4
300	Spectrogram 1	1	184.053967368	184.065172203	56329.1	62658.2
301	Spectrogram 1	1	185.815471343	185.861593570	38607.6	48734.2
302	Spectrogram 1	1	186.188097212	186.212591502	52531.6	61708.9
303	Spectrogram 1	1	186.215718433	186.223535760	58860.8	74683.5
304	Spectrogram 1	1	187.698665035	187.730194919	49050.6	59493.7
305	Spectrogram 1	1	187.902436682	187.933445411	45886.1	62974.7
306	Spectrogram 1	1	188.137477571	188.152069914	45569.6	52215.2
307	Spectrogram 1	1	188.526519827	188.540330437	41455.7	54113.9
308	Spectrogram 1	1	188.631011426	188.658372069	50949.4	61392.4
309	Spectrogram 1	1	188.757652085	188.804556044	47784.8	54113.9
310	Spectrogram 1	1	190.505345449	190.518895482	51265.8	62658.2
311	Spectrogram 1	1	190.518634904	190.544953237	31962.0	43354.4
312	Spectrogram 1	1	190.746119108	190.765923003	62974.7	73101.3
313	Spectrogram 1	1	192.199099291	192.227502245	46519.0	59810.1
314	Spectrogram 1	1	192.309844752	192.339029438	48101.3	58544.3
315	Spectrogram 1	1	195.005519128	195.026625910	50316.5	60759.5
316	Spectrogram 1	1	195.667125441	195.701782255	60126.6	82911.4
317	Spectrogram 1	1	195.702824566	195.718980374	51898.7	72151.9
318	Spectrogram 1	1	198.641096612	198.667675523	62025.3	75949.4
319	Spectrogram 1	1	198.884476016	198.925907847	49050.6	61708.9
320	Spectrogram 1	1	200.728322497	200.735097513	60443.0	74683.5
321	Spectrogram 1	1	200.753077365	200.760373536	59810.1	72784.8
322	Spectrogram 1	1	203.410707418	203.430771890	54113.9	61392.4
323	Spectrogram 1	1	205.276442446	205.291555944	26898.7	37341.8
324	Spectrogram 1	1	212.608833108	212.625510071	62658.2	86392.4
325	Spectrogram 1	1	212.601015781	212.613784081	55379.7	62974.7
326	Spectrogram 1	1	212.721142033	212.741727660	51582.3	60126.6
327	Spectrogram 1	1	268.454761644	268.475347270	59810.1	75949.4
328	Spectrogram 1	1	277.405597806	277.419408416	56645.6	66139.2
329	Spectrogram 1	1	282.073582858	282.086872314	56329.1	65822.8
330	Spectrogram 1	1	301.993687911	302.030429346	49367.1	62658.2
