Selection	View	Channel	Begin Time (s)	End Time (s)	Low Freq (Hz)	High Freq (Hz)
1	Spectrogram 1	1	9.612322243	9.631200196	58555.8	70691.7
2	Spectrogram 1	1	12.432618883	12.443106635	56128.6	68568.0
3	Spectrogram 1	1	17.036813984	17.053069999	55825.2	66747.6
4	Spectrogram 1	1	18.188156615	18.205723600	55521.8	68568.0
5	Spectrogram 1	1	19.199716651	19.222789705	54004.9	72815.5
6	Spectrogram 1	1	20.568552659	20.595820814	47330.1	57949.0
7	Spectrogram 1	1	24.835645384	24.853736756	55825.2	71298.5
8	Spectrogram 1	1	24.851639205	24.862126957	80097.1	91322.8
9	Spectrogram 1	1	25.334363302	25.349308349	54611.7	66140.8
10	Spectrogram 1	1	26.072382932	26.097029149	54915.0	73725.7
11	Spectrogram 1	1	26.281351389	26.305211024	58252.4	73118.9
12	Spectrogram 1	1	27.078947953	27.090222286	54004.9	68264.6
13	Spectrogram 1	1	29.368198007	29.388124736	57949.0	75242.7
14	Spectrogram 1	1	29.525776480	29.546227596	59769.4	70691.7
15	Spectrogram 1	1	36.000765426	36.025673837	52487.9	68264.6
16	Spectrogram 1	1	36.504869589	36.538430395	49757.3	63410.2
17	Spectrogram 1	1	36.964113682	36.978796535	68871.4	87075.2
18	Spectrogram 1	1	37.760301736	37.800679581	54308.3	70691.7
19	Spectrogram 1	1	38.292180124	38.311844659	53701.5	66444.2
20	Spectrogram 1	1	39.639375007	39.656679798	64623.8	75849.5
21	Spectrogram 1	1	39.951819511	39.975416953	54004.9	66140.8
22	Spectrogram 1	1	41.310417821	41.323527511	59466.0	74332.5
23	Spectrogram 1	1	41.302289814	41.312777565	92233.0	101638.3
24	Spectrogram 1	1	41.808624627	41.834581813	55521.8	69478.2
25	Spectrogram 1	1	42.047136658	42.073093844	54004.9	67051.0
26	Spectrogram 1	1	42.112947301	42.124483828	58859.2	68264.6
27	Spectrogram 1	1	42.311429526	42.347087883	58859.2	68871.4
28	Spectrogram 1	1	42.446983720	42.476873813	49150.5	67051.0
29	Spectrogram 1	1	42.690764992	42.724850185	61286.4	74332.5
30	Spectrogram 1	1	42.967362651	43.020063604	38228.2	47936.9
31	Spectrogram 1	1	43.763717302	43.776302605	62196.6	72815.5
32	Spectrogram 1	1	44.844570108	44.855844441	64927.2	71905.3
33	Spectrogram 1	1	45.112868503	45.145380534	53094.7	62196.6
34	Spectrogram 1	1	46.190027185	46.222014829	40048.5	46116.5
35	Spectrogram 1	1	46.432465945	46.457636550	59466.0	77973.3
36	Spectrogram 1	1	46.587075961	46.603594170	53701.5	67961.2
37	Spectrogram 1	1	48.370749373	48.400901660	54308.3	68264.6
38	Spectrogram 1	1	48.508663247	48.562675169	45509.7	52184.5
39	Spectrogram 1	1	50.628131131	50.646484697	62196.6	74332.5
40	Spectrogram 1	1	50.677947953	50.692106418	53398.1	66140.8
41	Spectrogram 1	1	50.807209495	50.854142185	46723.3	62196.6
42	Spectrogram 1	1	51.613722178	51.633911100	67051.0	84041.3
43	Spectrogram 1	1	51.740886170	51.776544526	46723.3	61589.8
44	Spectrogram 1	1	52.503710038	52.523112379	54308.3	65837.4
45	Spectrogram 1	1	52.602294906	52.621435053	48240.3	57038.8
46	Spectrogram 1	1	53.416984371	53.435337937	76152.9	91322.8
47	Spectrogram 1	1	53.521337503	53.538380100	52791.3	66444.2
48	Spectrogram 1	1	53.745039108	53.758148798	55218.4	71905.3
49	Spectrogram 1	1	53.870277240	53.887319837	47330.1	55521.8
50	Spectrogram 1	1	53.885484480	53.917209930	30036.4	38228.2
51	Spectrogram 1	1	54.123569674	54.136417170	53094.7	61893.2
52	Spectrogram 1	1	56.011002689	56.022539216	52487.9	71601.9
53	Spectrogram 1	1	58.857204186	58.890502798	72815.5	93143.2
54	Spectrogram 1	1	60.969216325	61.034764774	48847.1	60376.2
55	Spectrogram 1	1	61.622527511	61.650057860	48240.3	59162.6
56	Spectrogram 1	1	61.729240387	61.753886604	48240.3	59162.6
57	Spectrogram 1	1	61.838837394	61.855879991	53701.5	64320.4
58	Spectrogram 1	1	67.253278326	67.281333062	45813.1	58252.4
59	Spectrogram 1	1	67.576825472	67.597538782	56128.6	72512.1
60	Spectrogram 1	1	68.385966705	68.402222721	58252.4	67051.0
61	Spectrogram 1	1	70.614510215	70.628668680	73725.7	88288.8
62	Spectrogram 1	1	70.774186237	70.786247152	59466.0	73725.7
63	Spectrogram 1	1	70.782838633	70.803551943	40958.7	54915.0
64	Spectrogram 1	1	72.851533472	72.885094278	52487.9	65230.6
65	Spectrogram 1	1	73.044770301	73.056044635	69478.2	81007.3
66	Spectrogram 1	1	74.727064038	74.775832085	50364.1	64320.4
67	Spectrogram 1	1	75.160826124	75.179704077	48543.7	61589.8
68	Spectrogram 1	1	75.108649558	75.159515155	65230.6	87682.0
69	Spectrogram 1	1	75.270947519	75.291923022	47330.1	62500.0
70	Spectrogram 1	1	75.470576069	75.485783309	52487.9	62500.0
71	Spectrogram 1	1	75.586465728	75.601672968	47026.7	60072.8
73	Spectrogram 1	1	75.895368612	75.924734317	70388.3	82220.9
75	Spectrogram 1	1	76.083600348	76.128697681	44296.1	61589.8
76	Spectrogram 1	1	76.213648472	76.233313007	46116.5	57038.8
77	Spectrogram 1	1	76.316392891	76.349953697	50060.7	61589.8
78	Spectrogram 1	1	76.445654433	76.471873813	51274.3	64320.4
79	Spectrogram 1	1	76.674112596	76.690368612	50970.9	63106.8
80	Spectrogram 1	1	77.069277240	77.083435705	54915.0	62500.0
81	Spectrogram 1	1	77.421191612	77.456063387	59162.6	71298.5
82	Spectrogram 1	1	81.149979062	81.172003341	36711.2	42779.1
83	Spectrogram 1	1	83.041545178	83.077990115	58252.4	85254.9
84	Spectrogram 1	1	83.303241038	83.338899395	61286.4	74939.3
85	Spectrogram 1	1	83.892563713	83.914063604	56128.6	77973.3
86	Spectrogram 1	1	84.363905356	84.412673402	56735.4	69781.6
87	Spectrogram 1	1	84.194003775	84.210259791	54308.3	66140.8
88	Spectrogram 1	1	84.647503015	84.672149232	57949.0	70388.3
89	Spectrogram 1	1	85.189606961	85.203765426	60072.8	75242.7
90	Spectrogram 1	1	85.834966488	85.904447844	31250.0	45509.7
91	Spectrogram 1	1	86.773119209	86.793308131	53398.1	61589.8
92	Spectrogram 1	1	87.466240170	87.495081487	53398.1	64927.2
94	Spectrogram 1	1	88.602296426	88.611735403	83131.1	99514.6
95	Spectrogram 1	1	88.851118340	88.886776697	50667.5	64623.8
96	Spectrogram 1	1	89.632881077	89.656478519	81310.7	100424.8
97	Spectrogram 1	1	89.654380968	89.677716216	63410.2	74939.3
98	Spectrogram 1	1	94.676082139	94.694960092	47330.1	58555.8
99	Spectrogram 1	1	95.182978410	95.202380751	52184.5	64927.2
100	Spectrogram 1	1	95.287069348	95.333215456	44902.9	56432.0
101	Spectrogram 1	1	95.710673402	95.735057426	49150.5	59466.0
102	Spectrogram 1	1	97.505076395	97.535753069	56128.6	80097.1
103	Spectrogram 1	1	100.388551573	100.420539216	49757.3	61286.4
104	Spectrogram 1	1	102.446533472	102.468295558	55825.2	69174.8
105	Spectrogram 1	1	103.107417821	103.144387147	63410.2	83131.1
106	Spectrogram 1	1	103.150155410	103.169033364	47330.1	62500.0
107	Spectrogram 1	1	103.251362216	103.291215674	50970.9	62803.4
108	Spectrogram 1	1	103.623813550	103.659996294	50970.9	65230.6
109	Spectrogram 1	1	103.738916627	103.755434836	45206.3	56432.0
110	Spectrogram 1	1	104.323478736	104.342356689	43385.9	58252.4
111	Spectrogram 1	1	104.344978627	104.389551573	61286.4	81614.1
112	Spectrogram 1	1	104.390075961	104.462703643	45813.1	68568.0
113	Spectrogram 1	1	104.583746674	104.607868503	40351.9	56735.4
114	Spectrogram 1	1	104.860338806	104.900454457	43082.5	54611.7
115	Spectrogram 1	1	104.998777131	105.016606309	47026.7	58252.4
116	Spectrogram 1	1	105.154405899	105.185082573	45509.7	60376.2
117	Spectrogram 1	1	105.276063821	105.300710038	48543.7	62803.4
118	Spectrogram 1	1	107.113838046	107.131667224	54004.9	66444.2
119	Spectrogram 1	1	107.217142402	107.249654433	51881.1	70995.1
120	Spectrogram 1	1	111.938948170	111.957563930	49150.5	66444.2
121	Spectrogram 1	1	112.146343464	112.162861673	45509.7	58555.8
122	Spectrogram 1	1	117.454563930	117.491533255	77669.9	99818.0
123	Spectrogram 1	1	117.543447627	117.577008433	46419.9	54308.3
124	Spectrogram 1	1	118.620655085	118.634551356	54308.3	66747.6
125	Spectrogram 1	1	118.672569457	118.681484046	56432.0	68871.4
126	Spectrogram 1	1	121.849210798	121.867039976	48847.1	57342.2
127	Spectrogram 1	1	127.944094496	128.002301519	50364.1	62803.4
128	Spectrogram 1	1	128.509606309	128.530581813	50667.5	69781.6
129	Spectrogram 1	1	131.664538999	131.734020356	47936.9	62803.4
130	Spectrogram 1	1	131.434595039	131.441674271	58859.2	66140.8
131	Spectrogram 1	1	131.847350077	131.884581596	51881.1	62803.4
132	Spectrogram 1	1	132.133680812	132.147839277	59466.0	68264.6
133	Spectrogram 1	1	135.125258705	135.149380534	53701.5	70388.3
134	Spectrogram 1	1	169.673070434	169.686704511	52487.9	62196.6
135	Spectrogram 1	1	177.605503232	177.618612922	59466.0	67051.0
136	Spectrogram 1	1	233.344034015	233.374972883	31856.8	38835.0
137	Spectrogram 1	1	233.373137527	233.425838480	24271.8	56735.4
138	Spectrogram 1	1	233.431344550	233.470673620	47026.7	87075.2
139	Spectrogram 1	1	237.274448496	237.288344767	50667.5	59162.6
140	Spectrogram 1	1	241.288570325	241.310332410	60983.0	70691.7
141	Spectrogram 1	1	245.769088752	245.779314310	51881.1	60376.2
142	Spectrogram 1	1	245.779576504	245.789802062	43082.5	51881.1
143	Spectrogram 1	1	247.605350728	247.625801844	29126.2	50970.9
144	Spectrogram 1	1	270.174685759	270.187533255	28822.8	38835.0
145	Spectrogram 1	1	295.508132217	295.520979713	64320.4	73725.7
