Selection,View,Channel,Begin Time (s),End Time (s),Low Freq (Hz),High Freq (Hz)
1,Spectrogram 1,1,1.217817879,1.230175367,66132.3,82164.3
3,Spectrogram 1,1,6.262468690,6.288134242,49698.8,61496.0
4,Spectrogram 1,1,6.695932600,6.735381505,48192.8,56224.9
5,Spectrogram 1,1,7.606108970,7.614664155,48945.8,57981.9
6,Spectrogram 1,1,22.533736813,22.568689068,47690.8,54467.9
7,Spectrogram 1,1,22.564656115,22.666824245,57981.9,76305.2
8,Spectrogram 1,1,22.724629898,22.778402598,46435.7,56726.9
9,Spectrogram 1,1,26.961889176,26.999530066,52208.8,62500.0
10,Spectrogram 1,1,28.467513639,28.500449418,66516.1,82329.3
11,Spectrogram 1,1,30.741411326,30.774347105,48945.8,65010.0
12,Spectrogram 1,1,33.600058074,33.641731916,49447.8,65010.0
13,Spectrogram 1,1,35.797345284,35.818854364,49196.8,59236.9
14,Spectrogram 1,1,36.290022971,36.312876368,69528.1,79066.3
15,Spectrogram 1,1,36.929915868,36.944703361,53463.9,63504.0
16,Spectrogram 1,1,36.942686884,36.964868123,69779.1,84588.4
17,Spectrogram 1,1,37.543598656,37.658537802,63755.0,91616.5
18,Spectrogram 1,1,40.326325556,40.351195430,56726.9,68524.1
19,Spectrogram 1,1,43.409495642,43.441759262,65763.1,78313.3
20,Spectrogram 1,1,43.748935811,43.792626130,49196.8,59488.0
21,Spectrogram 1,1,45.584592568,45.621561299,53714.9,63504.0
22,Spectrogram 1,1,45.815143019,45.830602671,51204.8,61245.0
23,Spectrogram 1,1,45.946213975,45.963017944,52710.8,64508.0
24,Spectrogram 1,1,45.972428167,45.991248612,67771.1,80070.3
25,Spectrogram 1,1,46.667436561,46.690962117,70030.1,81576.3
26,Spectrogram 1,1,47.391351491,47.410171936,56224.9,68022.1
27,Spectrogram 1,1,47.628622871,47.656853538,52208.8,62500.0
28,Spectrogram 1,1,47.849090941,47.864550592,51957.8,64257.0
29,Spectrogram 1,1,48.482255884,48.497715535,56475.9,66516.1
30,Spectrogram 1,1,48.494354741,48.513847345,79568.3,87600.4
31,Spectrogram 1,1,52.432525904,52.478904858,49949.8,60492.0
32,Spectrogram 1,1,52.472183270,52.572334924,65010.0,84086.3
33,Spectrogram 1,1,57.140294557,57.155082049,51957.8,60492.0
34,Spectrogram 1,1,57.974446453,57.996627692,46184.7,55973.9
35,Spectrogram 1,1,58.332705546,58.356903261,51957.8,63504.0
36,Spectrogram 1,1,58.644580038,58.692975468,45431.7,56726.9
37,Spectrogram 1,1,59.048548524,59.075434874,46937.8,56977.9
38,Spectrogram 1,1,59.336906736,59.354382863,49196.8,58232.9
39,Spectrogram 1,1,60.884212487,60.935968711,46435.7,59990.0
40,Spectrogram 1,1,61.302967388,61.331198056,64257.0,81074.3
41,Spectrogram 1,1,63.791245945,63.843002169,65763.1,86094.4
42,Spectrogram 1,1,64.243608783,64.275872403,67771.1,81827.3
43,Spectrogram 1,1,64.212017322,64.253691165,49447.8,64006.0
44,Spectrogram 1,1,64.616650404,64.638159484,68273.1,81074.3
46,Spectrogram 1,1,65.223600747,65.269307542,50702.8,67018.1
47,Spectrogram 1,1,66.513483061,66.565239285,49698.8,65512.0
48,Spectrogram 1,1,66.793103550,66.833433075,47690.8,65512.0
49,Spectrogram 1,1,66.817301265,66.853597838,71536.1,90110.4
50,Spectrogram 1,1,68.030546046,68.069531253,63002.0,79819.3
51,Spectrogram 1,1,69.090544337,69.140956243,52710.8,69026.1
52,Spectrogram 1,1,69.367466915,69.405107805,48694.8,60241.0
53,Spectrogram 1,1,70.198928188,70.214387840,45682.7,55220.9
54,Spectrogram 1,1,70.213043522,70.228503173,64257.0,74799.2
55,Spectrogram 1,1,72.076956490,72.108547951,68273.1,80823.3
56,Spectrogram 1,1,72.066201950,72.083005919,46184.7,58483.9
57,Spectrogram 1,1,74.608304358,74.630485597,52961.8,65010.0
58,Spectrogram 1,1,77.354085176,77.385676637,44427.7,57981.9
59,Spectrogram 1,1,78.565312790,78.616396855,45180.7,56726.9
60,Spectrogram 1,1,78.729319525,78.766960415,46435.7,60994.0
61,Spectrogram 1,1,79.425008834,79.458616772,63253.0,85341.4
62,Spectrogram 1,1,79.786624877,79.832331672,51957.8,70030.1
63,Spectrogram 1,1,79.911640260,79.986249882,62500.0,85592.4
64,Spectrogram 1,1,81.506011334,81.526848256,61747.0,74548.2
65,Spectrogram 1,1,81.776219152,81.801761184,48192.8,60241.0
66,Spectrogram 1,1,82.086759457,82.104235584,52961.8,65512.0
67,Spectrogram 1,1,83.289933410,83.330262935,67771.1,87098.4
68,Spectrogram 1,1,83.536615671,83.554763958,54969.9,65010.0
69,Spectrogram 1,1,83.553419640,83.564846339,72038.2,80823.3
70,Spectrogram 1,1,86.632584743,86.664848363,53714.9,65010.0
71,Spectrogram 1,1,86.650060871,86.682996650,69277.1,90361.4
72,Spectrogram 1,1,87.210644163,87.261056069,46686.7,61245.0
73,Spectrogram 1,1,87.388766232,87.423718487,45682.7,59236.9
74,Spectrogram 1,1,89.277529437,89.286939659,68273.1,80572.3
75,Spectrogram 1,1,89.422043568,89.442880489,67018.1,80572.3
76,Spectrogram 1,1,89.809209569,89.837440236,46435.7,57479.9
77,Spectrogram 1,1,89.840128871,89.865670904,62500.0,76556.2
78,Spectrogram 1,1,90.106977209,90.140585147,50200.8,59739.0
79,Spectrogram 1,1,91.078236290,91.129992514,49949.8,59739.0
80,Spectrogram 1,1,93.819320762,93.844190635,46686.7,57479.9
81,Spectrogram 1,1,93.840157683,93.860322445,62249.0,78564.3
82,Spectrogram 1,1,94.196401820,94.227321123,50451.8,64759.0
83,Spectrogram 1,1,94.687736755,94.722016851,50702.8,60241.0
84,Spectrogram 1,1,94.441054494,94.468613003,55220.9,63504.0
85,Spectrogram 1,1,97.852283021,97.893956863,51957.8,62751.0
86,Spectrogram 1,1,99.901031807,99.959509618,46937.8,59488.0
87,Spectrogram 1,1,101.467843712,101.486664157,54216.9,67269.1
88,Spectrogram 1,1,101.729987628,101.745447279,45682.7,56224.9
89,Spectrogram 1,1,102.475404337,102.502290687,54216.9,67018.1
90,Spectrogram 1,1,102.183687439,102.209901630,28112.4,44929.7
91,Spectrogram 1,1,104.219665098,104.240502019,60994.0,71787.1
92,Spectrogram 1,1,111.249113594,111.290787436,50702.8,63253.0
93,Spectrogram 1,1,112.067136798,112.098056991,47439.8,58483.9
94,Spectrogram 1,1,112.083940767,112.116876545,66265.1,82580.3
95,Spectrogram 1,1,113.106958661,113.131828535,49447.8,61245.0
96,Spectrogram 1,1,114.753085254,114.780643763,53965.9,66516.1
97,Spectrogram 1,1,115.113362344,115.132854948,53212.9,62500.0
98,Spectrogram 1,1,115.461544132,115.495152070,53212.9,64508.0
99,Spectrogram 1,1,115.481036736,115.504562292,66767.1,82831.3
100,Spectrogram 1,1,117.094887576,117.131856307,50702.8,64508.0
101,Spectrogram 1,1,117.121101767,117.139922212,69277.1,81074.3
102,Spectrogram 1,1,117.658828767,117.684370800,53965.9,64508.0
103,Spectrogram 1,1,117.676977054,117.706552039,73293.2,86847.4
104,Spectrogram 1,1,121.120455532,121.172211756,49698.8,59739.0
105,Spectrogram 1,1,121.661544996,121.679021124,48443.8,59739.0
106,Spectrogram 1,1,121.670283060,121.693808616,69779.1,82580.3
107,Spectrogram 1,1,121.881343008,121.910245835,52710.8,62751.0
108,Spectrogram 1,1,124.699683422,124.760177709,47439.8,61747.0
109,Spectrogram 1,1,125.161443512,125.187657703,51204.8,63002.0
110,Spectrogram 1,1,125.182952592,125.215888371,63504.0,82329.3
111,Spectrogram 1,1,125.584231366,125.607084763,52961.8,66014.1
112,Spectrogram 1,1,125.604396128,125.622544414,69277.1,77811.2
113,Spectrogram 1,1,126.931870064,126.958084255,51957.8,64759.0
114,Spectrogram 1,1,127.219549913,127.258535120,52961.8,70281.1
115,Spectrogram 1,1,127.335148247,127.362034597,53212.9,66265.1
116,Spectrogram 1,1,127.661817400,127.714245782,55722.9,68022.1
117,Spectrogram 1,1,129.422860861,129.452435846,54969.9,63253.0
118,Spectrogram 1,1,130.817599917,130.853896490,56726.9,70783.1
119,Spectrogram 1,1,130.828354457,130.849863537,73293.2,90863.5
120,Spectrogram 1,1,131.068318694,131.088483457,56224.9,67018.1
121,Spectrogram 1,1,131.080417552,131.096549362,70532.1,87600.4
122,Spectrogram 1,1,131.302229939,131.329788448,53212.9,64508.0
123,Spectrogram 1,1,132.563881103,132.590095294,53463.9,67018.1
124,Spectrogram 1,1,132.867696858,132.902649113,45180.7,63002.0
125,Spectrogram 1,1,141.624627876,141.645464797,57479.9,65512.0
126,Spectrogram 1,1,142.261834371,142.284015610,52710.8,65261.0
127,Spectrogram 1,1,142.603965276,142.624802197,68273.1,85090.4
128,Spectrogram 1,1,142.591194260,142.602620958,56977.9,64508.0
129,Spectrogram 1,1,142.702772612,142.734364073,53463.9,63755.0
130,Spectrogram 1,1,143.035493436,143.069773533,56475.9,68775.1
131,Spectrogram 1,1,143.059018993,143.076495120,72289.2,85090.4
132,Spectrogram 1,1,143.257977983,143.278142745,54718.9,60492.0
133,Spectrogram 1,1,143.368884176,143.395098368,52459.8,66767.1
134,Spectrogram 1,1,147.432090255,147.480485685,53714.9,64508.0
135,Spectrogram 1,1,150.331126616,150.359357283,70281.1,79317.3
137,Spectrogram 1,1,151.224428809,151.243921413,56224.9,65512.0
138,Spectrogram 1,1,151.537653764,151.571261702,53212.9,66014.1
139,Spectrogram 1,1,151.655281545,151.694266753,52459.8,68273.1
140,Spectrogram 1,1,151.964474570,152.002115460,54467.9,69277.1
141,Spectrogram 1,1,152.266947678,152.306605044,49447.8,60743.0
142,Spectrogram 1,1,152.584212947,152.613115773,54718.9,65261.0
143,Spectrogram 1,1,153.617323937,153.656981304,49949.8,64257.0
144,Spectrogram 1,1,155.423426763,155.442247208,56977.9,72289.2
145,Spectrogram 1,1,156.452510687,156.487462942,49447.8,61496.0
146,Spectrogram 1,1,156.480741355,156.508299863,67269.1,84086.3
147,Spectrogram 1,1,156.609123676,156.671634439,48192.8,58483.9
148,Spectrogram 1,1,156.916972383,156.933776352,54969.9,63253.0
149,Spectrogram 1,1,156.923693971,156.955957591,68273.1,83333.3
150,Spectrogram 1,1,157.532676583,157.551497028,52710.8,61747.0
151,Spectrogram 1,1,162.780242573,162.818555622,51706.8,60492.0
152,Spectrogram 1,1,162.903247625,162.932150451,51957.8,67269.1
153,Spectrogram 1,1,162.920723752,162.950298737,73293.2,86596.4
154,Spectrogram 1,1,163.188902783,163.233265261,53714.9,65763.1
155,Spectrogram 1,1,164.244868514,164.277132134,51204.8,66265.1
156,Spectrogram 1,1,164.406861000,164.442485414,52208.8,67520.1
157,Spectrogram 1,1,164.652200829,164.686480926,51204.8,64257.0
158,Spectrogram 1,1,165.360661460,165.393597238,56726.9,69277.1
159,Spectrogram 1,1,167.459148599,167.496117330,53714.9,72540.2
160,Spectrogram 1,1,167.725995623,167.753554131,56726.9,65512.0
161,Spectrogram 1,1,167.939742105,167.959234709,54718.9,64257.0
163,Spectrogram 1,1,168.286583562,168.310781277,52710.8,63755.0
164,Spectrogram 1,1,168.715420845,168.766504910,51455.8,70030.1
165,Spectrogram 1,1,168.747684465,168.772554338,79819.3,97891.6
166,Spectrogram 1,1,171.340883206,171.365753079,46435.7,54718.9
167,Spectrogram 1,1,171.364408762,171.396000223,61998.0,72289.2
168,Spectrogram 1,1,171.484725178,171.564712069,46184.7,57228.9
169,Spectrogram 1,1,171.765688753,171.810051231,46937.8,57730.9
170,Spectrogram 1,1,172.025144020,172.055391164,68022.1,80823.3
171,Spectrogram 1,1,173.324434641,173.363419849,51706.8,63755.0
172,Spectrogram 1,1,173.351320991,173.379551659,65512.0,87098.4
173,Spectrogram 1,1,173.567085160,173.614136273,45682.7,64508.0
174,Spectrogram 1,1,173.854099604,173.878297319,51957.8,63002.0
175,Spectrogram 1,1,175.507614896,175.558026803,55471.9,70281.1
176,Spectrogram 1,1,176.680540815,176.734985674,47690.8,57981.9
177,Spectrogram 1,1,176.918486905,176.952767002,50953.8,62249.0
178,Spectrogram 1,1,177.121481298,177.143662536,56224.9,65010.0
179,Spectrogram 1,1,182.333427023,182.347542357,55471.9,66265.1
180,Spectrogram 1,1,182.574059856,182.596913253,51455.8,59739.0
181,Spectrogram 1,1,183.500303484,183.528534152,48945.8,64508.0
182,Spectrogram 1,1,183.524501199,183.548698914,67520.1,83082.3
183,Spectrogram 1,1,184.224223892,184.275307957,54969.9,61747.0
184,Spectrogram 1,1,184.354622689,184.377476087,51204.8,63253.0
185,Spectrogram 1,1,184.377476087,184.396968690,70030.1,83082.3
186,Spectrogram 1,1,184.495103868,184.515940789,55471.9,67018.1
187,Spectrogram 1,1,184.611387332,184.666504349,50451.8,62249.0
188,Spectrogram 1,1,184.947468919,184.979060380,51204.8,60743.0
189,Spectrogram 1,1,185.200873651,185.245908287,36395.6,48443.8
190,Spectrogram 1,1,185.779608103,185.825987056,53212.9,62249.0
191,Spectrogram 1,1,185.803133659,185.817921151,65010.0,83584.3
192,Spectrogram 1,1,185.988649474,186.028978999,45431.7,56977.9
193,Spectrogram 1,1,186.018224459,186.033684110,65512.0,77058.2
194,Spectrogram 1,1,186.194330051,186.219199925,51204.8,63755.0
195,Spectrogram 1,1,186.879267248,186.968664362,37901.6,55722.9
196,Spectrogram 1,1,187.287267610,187.316170436,74046.2,89357.4
197,Spectrogram 1,1,187.271807958,187.299366467,57228.9,72289.2
198,Spectrogram 1,1,187.482869911,187.524543753,50451.8,61747.0
199,Spectrogram 1,1,187.774586808,187.806178270,52710.8,67018.1
200,Spectrogram 1,1,188.843999084,188.874246227,63755.0,75803.2
201,Spectrogram 1,1,188.866180322,188.882984291,53714.9,62249.0
202,Spectrogram 1,1,189.275529232,189.315186598,45933.7,56224.9
203,Spectrogram 1,1,189.604206848,189.629076721,46184.7,58232.9
204,Spectrogram 1,1,189.615633546,189.641175579,63504.0,74548.2
205,Spectrogram 1,1,189.726539740,189.758131201,50200.8,57730.9
206,Spectrogram 1,1,189.975910636,189.995403240,42168.7,52961.8
207,Spectrogram 1,1,189.988681653,190.023633908,60241.0,77058.2
208,Spectrogram 1,1,191.462734507,191.482227111,54467.9,65763.1
209,Spectrogram 1,1,191.482227111,191.504408349,70532.1,86847.4
210,Spectrogram 1,1,191.876789181,191.895609626,46937.8,61496.0
211,Spectrogram 1,1,191.891576674,191.927873246,66014.1,83584.3
212,Spectrogram 1,1,192.179260619,192.221606620,44678.7,59990.0
213,Spectrogram 1,1,192.211524239,192.235721954,65512.0,79568.3
214,Spectrogram 1,1,192.518702332,192.548277317,44176.7,59236.9
215,Spectrogram 1,1,192.538194936,192.571130714,64508.0,76556.2
216,Spectrogram 1,1,192.641035224,192.671282368,46686.7,58232.9
217,Spectrogram 1,1,192.654478399,192.690774972,65010.0,77560.2
218,Spectrogram 1,1,192.870918498,192.895116213,49196.8,59739.0
219,Spectrogram 1,1,192.887050308,192.926035516,64006.0,78564.3
220,Spectrogram 1,1,193.003333772,193.028203645,47690.8,55220.9
221,Spectrogram 1,1,193.111551330,193.161291078,45682.7,54969.9
222,Spectrogram 1,1,193.142470633,193.157258125,64759.0,75050.2
223,Spectrogram 1,1,193.348823369,193.379070513,47690.8,61747.0
224,Spectrogram 1,1,193.375037560,193.405284704,62751.0,85090.4
225,Spectrogram 1,1,193.550470994,193.584751090,46184.7,60241.0
226,Spectrogram 1,1,193.668770498,193.712460817,45431.7,60241.0
227,Spectrogram 1,1,193.703722753,193.744052278,61998.0,87600.4
228,Spectrogram 1,1,193.809251677,193.844876090,48694.8,57981.9
229,Spectrogram 1,1,194.092902669,194.135920829,49447.8,60492.0
230,Spectrogram 1,1,194.118444702,194.147347528,62751.0,90863.5
231,Spectrogram 1,1,194.345636356,194.415540866,33132.5,43925.7
232,Spectrogram 1,1,194.347652832,194.438394263,55722.9,93624.5
233,Spectrogram 1,1,194.950584791,195.019144983,31877.5,43674.7
234,Spectrogram 1,1,194.953945584,194.989569998,68022.1,85592.4
235,Spectrogram 1,1,195.964881995,195.995129138,46184.7,61998.0
236,Spectrogram 1,1,195.977653011,196.014621742,64257.0,80321.3
237,Spectrogram 1,1,196.112756920,196.133593841,45933.7,56475.9
238,Spectrogram 1,1,196.284829560,196.315748862,51706.8,67269.1
239,Spectrogram 1,1,196.585284521,196.622253252,52208.8,63253.0
240,Spectrogram 1,1,196.796342368,196.820540083,48945.8,59236.9
241,Spectrogram 1,1,199.562967263,199.590525771,56224.9,66014.1
242,Spectrogram 1,1,199.772008634,199.802927936,57479.9,68524.1
243,Spectrogram 1,1,200.318479340,200.348054325,54718.9,64257.0
244,Spectrogram 1,1,200.457616201,200.476436646,69026.1,83584.3
245,Spectrogram 1,1,200.553062743,200.586670681,50702.8,64006.0
246,Spectrogram 1,1,201.418799230,201.438963993,50451.8,60994.0
247,Spectrogram 1,1,201.431570246,201.463833866,65261.0,85592.4
248,Spectrogram 1,1,201.682957619,201.725303620,45933.7,64257.0
249,Spectrogram 1,1,201.709843969,201.734041684,65763.1,87349.4
250,Spectrogram 1,1,202.026434623,202.079535164,47941.8,59990.0
251,Spectrogram 1,1,202.167587960,202.199851580,47941.8,60743.0
252,Spectrogram 1,1,202.184391929,202.207245326,70030.1,83082.3
253,Spectrogram 1,1,202.061386878,202.079535164,69528.1,80823.3
254,Spectrogram 1,1,202.787998043,202.814212234,48694.8,58483.9
255,Spectrogram 1,1,202.801441218,202.833704838,63755.0,82329.3
256,Spectrogram 1,1,203.105929132,203.152980244,46686.7,58483.9
257,Spectrogram 1,1,203.138192752,203.157685355,61747.0,76305.2
258,Spectrogram 1,1,203.495781207,203.523339715,45682.7,59236.9
259,Spectrogram 1,1,203.515273810,203.544848795,62500.0,76807.2
260,Spectrogram 1,1,206.335002475,206.365249619,51706.8,63504.0
261,Spectrogram 1,1,206.525223401,206.572274514,53714.9,69779.1
262,Spectrogram 1,1,207.162429896,207.182594659,51957.8,63253.0
263,Spectrogram 1,1,207.276027382,207.312996114,37399.6,45682.7
264,Spectrogram 1,1,207.267289319,207.303585891,53714.9,68273.1
265,Spectrogram 1,1,207.813084102,207.851397151,31626.5,46435.7
266,Spectrogram 1,1,208.009356669,208.039603813,56977.9,76305.2
267,Spectrogram 1,1,208.225119628,208.274859375,50200.8,66265.1
268,Spectrogram 1,1,208.393832692,208.418702565,47690.8,61496.0
269,Spectrogram 1,1,208.530953122,208.570610488,52459.8,66014.1
270,Spectrogram 1,1,208.502050296,208.553806520,67520.1,90863.5
271,Spectrogram 1,1,208.641859316,208.674122936,42419.7,57981.9
272,Spectrogram 1,1,208.668745666,208.692943381,66265.1,79066.3
273,Spectrogram 1,1,208.793767193,208.819981385,69779.1,85341.4
274,Spectrogram 1,1,208.780324018,208.805866051,49698.8,63253.0
275,Spectrogram 1,1,209.251506464,209.314017228,48694.8,65010.0
276,Spectrogram 1,1,209.430302689,209.471304372,54216.9,65261.0
277,Spectrogram 1,1,209.453828245,209.512306056,67520.1,90612.4
278,Spectrogram 1,1,209.902162214,209.934425834,50953.8,64257.0
279,Spectrogram 1,1,210.123974602,210.159599015,49698.8,61496.0
280,Spectrogram 1,1,210.154221745,210.185813207,65010.0,84839.4
281,Spectrogram 1,1,210.257734193,210.312851210,44427.7,59990.0
282,Spectrogram 1,1,211.563074688,211.600043419,46184.7,63755.0
283,Spectrogram 1,1,211.766741336,211.786906098,67520.1,78564.3
284,Spectrogram 1,1,212.024178137,212.079967313,47188.8,60241.0
285,Spectrogram 1,1,212.173399592,212.199613783,47941.8,64257.0
286,Spectrogram 1,1,212.194236513,212.219106387,65763.1,84839.4
287,Spectrogram 1,1,212.296404643,212.350849502,44427.7,56977.9
288,Spectrogram 1,1,212.871100509,212.902691970,33383.5,40160.6
289,Spectrogram 1,1,213.721386554,213.762388237,49949.8,65763.1
290,Spectrogram 1,1,215.116797776,215.152422190,48694.8,66265.1
291,Spectrogram 1,1,215.737203057,215.766105883,49447.8,59990.0
292,Spectrogram 1,1,215.755351343,215.799713820,64759.0,82831.3
293,Spectrogram 1,1,216.285689585,216.335429333,44427.7,60241.0
294,Spectrogram 1,1,216.487337210,216.531027529,47439.8,58985.9
295,Spectrogram 1,1,216.514223560,216.533044005,64508.0,79568.3
296,Spectrogram 1,1,216.690330244,216.735364880,46184.7,56977.9
297,Spectrogram 1,1,216.920881460,216.944407016,45180.7,58734.9
298,Spectrogram 1,1,216.932308159,216.987425176,62751.0,88855.4
299,Spectrogram 1,1,217.054644726,217.076825964,50451.8,59488.0
300,Spectrogram 1,1,217.257636668,217.349722417,44176.7,76054.2
301,Spectrogram 1,1,217.404839434,217.451218388,47188.8,64006.0
302,Spectrogram 1,1,217.290572447,217.306704257,80321.3,92369.5
303,Spectrogram 1,1,218.528026378,218.545502505,59236.9,69277.1
304,Spectrogram 1,1,218.788825413,218.847303224,47439.8,64006.0
305,Spectrogram 1,1,219.048952067,219.093314544,43423.7,60743.0
306,Spectrogram 1,1,219.073149782,219.098019655,65010.0,80572.3
307,Spectrogram 1,1,219.722460657,219.737920309,64759.0,76556.2
308,Spectrogram 1,1,220.146592829,220.190283147,51957.8,61245.0
309,Spectrogram 1,1,220.291109729,220.307913698,46686.7,57228.9
310,Spectrogram 1,1,220.300519951,220.319340396,66014.1,79066.3
311,Spectrogram 1,1,220.859087651,220.899417176,38905.6,55220.9
312,Spectrogram 1,1,220.883285366,220.903450128,56726.9,71034.1
313,Spectrogram 1,1,221.163537938,221.201178828,43925.7,56224.9
314,Spectrogram 1,1,221.299314006,221.324183879,40160.6,56726.9
315,Spectrogram 1,1,221.312085022,221.338299213,61496.0,73042.2
316,Spectrogram 1,1,221.699250132,221.751006356,59236.9,76305.2
317,Spectrogram 1,1,222.683968907,222.702789352,40913.7,57228.9
318,Spectrogram 1,1,222.697412082,222.741774559,62751.0,83333.3
319,Spectrogram 1,1,223.040888306,223.075840561,63755.0,79066.3
320,Spectrogram 1,1,223.029461607,223.040888306,46435.7,57730.9
321,Spectrogram 1,1,223.649196295,223.713051376,43423.7,55973.9
322,Spectrogram 1,1,224.328077019,224.361684957,44929.7,59236.9
323,Spectrogram 1,1,224.348241782,224.379833243,60743.0,80070.3
324,Spectrogram 1,1,224.802609365,224.828823557,35140.6,42670.7
325,Spectrogram 1,1,224.801937207,224.867136605,53965.9,91114.5
326,Spectrogram 1,1,225.056014766,225.086934068,45682.7,59739.0
327,Spectrogram 1,1,225.077523846,225.107098831,59990.0,81325.3
328,Spectrogram 1,1,225.285222117,225.328240277,45431.7,59488.0
329,Spectrogram 1,1,225.315469261,225.328240277,65763.1,76054.2
330,Spectrogram 1,1,225.511069231,225.531233993,47439.8,55471.9
331,Spectrogram 1,1,225.525856723,225.550054438,63755.0,73544.2
332,Spectrogram 1,1,226.987811982,227.018059125,47439.8,58734.9
333,Spectrogram 1,1,226.813050707,226.845314327,47941.8,56726.9
334,Spectrogram 1,1,228.017567501,228.043109533,56224.9,66516.1
335,Spectrogram 1,1,228.516978714,228.543865064,30371.5,42921.7
336,Spectrogram 1,1,229.113858186,229.135367266,53212.9,60241.0
337,Spectrogram 1,1,229.119907615,229.144105330,68022.1,85843.4
338,Spectrogram 1,1,229.642851458,229.671754284,45180.7,56224.9
339,Spectrogram 1,1,229.750396858,229.771233779,46184.7,58232.9
340,Spectrogram 1,1,230.149662941,230.179910085,45180.7,58232.9
341,Spectrogram 1,1,230.168483386,230.183943037,61245.0,75050.2
342,Spectrogram 1,1,230.647063088,230.672605120,49949.8,58483.9
343,Spectrogram 1,1,230.751247694,230.772084615,44176.7,55220.9
344,Spectrogram 1,1,230.765363028,230.785527790,61496.0,80823.3
345,Spectrogram 1,1,230.946176515,230.966341278,47439.8,56977.9
346,Spectrogram 1,1,231.046328169,231.071870202,46435.7,60492.0
347,Spectrogram 1,1,231.063804297,231.086657694,65763.1,78062.2
348,Spectrogram 1,1,232.555334280,232.605074028,59236.9,85090.4
349,Spectrogram 1,1,232.867889324,232.913596119,45431.7,65512.0
350,Spectrogram 1,1,233.060800659,233.075588152,50451.8,58985.9
351,Spectrogram 1,1,233.066850088,233.076932469,66516.1,77560.2
352,Spectrogram 1,1,233.244299998,233.285973841,43925.7,58232.9
353,Spectrogram 1,1,233.274547142,233.297400539,66265.1,74046.2
354,Spectrogram 1,1,234.127524598,234.156427424,49698.8,58232.9
355,Spectrogram 1,1,234.143656408,234.176592186,64006.0,74799.2
356,Spectrogram 1,1,234.853459700,234.879673891,47439.8,58232.9
357,Spectrogram 1,1,235.568642400,235.598217385,48443.8,62249.0
358,Spectrogram 1,1,236.202484155,236.238780727,47690.8,60994.0
359,Spectrogram 1,1,240.164215004,240.199839417,49949.8,67018.1
360,Spectrogram 1,1,240.183035449,240.209249640,68524.1,89106.4
361,Spectrogram 1,1,240.291925166,240.316795040,53463.9,66014.1
362,Spectrogram 1,1,240.406192153,240.459964853,46937.8,63504.0
363,Spectrogram 1,1,240.878723192,240.921069193,45431.7,64257.0
364,Spectrogram 1,1,241.072978622,241.121374052,48945.8,61998.0
365,Spectrogram 1,1,241.279332242,241.318989608,42419.7,57730.9
366,Spectrogram 1,1,241.962249963,241.997202218,51957.8,63504.0
367,Spectrogram 1,1,241.990480631,242.001907330,69528.1,80823.3
368,Spectrogram 1,1,242.786995089,242.803799058,45682.7,54969.9
369,Spectrogram 1,1,242.801110423,242.835390519,61747.0,73544.2
370,Spectrogram 1,1,243.034350949,243.090140125,43925.7,54969.9
371,Spectrogram 1,1,243.226587758,243.267589442,47188.8,59990.0
372,Spectrogram 1,1,243.250785473,243.267589442,66265.1,79568.3
373,Spectrogram 1,1,243.511587856,243.573426461,46435.7,67520.1
374,Spectrogram 1,1,244.642822878,244.662315482,49949.8,60241.0
375,Spectrogram 1,1,244.459323540,244.482849096,64508.0,72038.2
376,Spectrogram 1,1,244.446552523,244.486209890,47439.8,54467.9
377,Spectrogram 1,1,244.462012175,244.496964430,29869.5,37650.6
378,Spectrogram 1,1,245.462828563,245.501141612,43925.7,54467.9
379,Spectrogram 1,1,245.497780818,245.524667168,63002.0,74297.2
380,Spectrogram 1,1,245.608687012,245.649016537,46937.8,64759.0
381,Spectrogram 1,1,245.731692063,245.761939207,53212.9,64508.0
382,Spectrogram 1,1,245.752528985,245.775382382,69277.1,87098.4
383,Spectrogram 1,1,246.807112954,246.845426002,43423.7,59990.0
384,Spectrogram 1,1,246.831310669,246.846098161,65512.0,79568.3
385,Spectrogram 1,1,246.930118005,246.960365148,49698.8,63002.0
386,Spectrogram 1,1,248.183702306,248.228064784,50702.8,62500.0
387,Spectrogram 1,1,248.468029243,248.511719562,47941.8,60241.0
388,Spectrogram 1,1,248.582296231,248.623970073,49447.8,64508.0
389,Spectrogram 1,1,249.300167677,249.334447773,53965.9,63002.0
390,Spectrogram 1,1,249.896369120,249.942075915,45933.7,62249.0
391,Spectrogram 1,1,249.936026487,249.952158297,64257.0,78564.3
392,Spectrogram 1,1,250.294948678,250.352754330,49447.8,57730.9
393,Spectrogram 1,1,251.829448874,251.889271003,49447.8,66265.1
394,Spectrogram 1,1,252.178962549,252.224669344,47188.8,63253.0
395,Spectrogram 1,1,253.480228779,253.500393542,65261.0,75803.2
396,Spectrogram 1,1,253.729593531,253.779333279,43423.7,53463.9
397,Spectrogram 1,1,254.266634378,254.304275268,43925.7,55220.9
398,Spectrogram 1,1,254.946841624,254.985826832,45682.7,57479.9
399,Spectrogram 1,1,255.051026230,255.099421660,46184.7,62751.0
400,Spectrogram 1,1,255.410620239,255.446916811,48443.8,61496.0
401,Spectrogram 1,1,255.694920521,255.750037538,44929.7,55220.9
402,Spectrogram 1,1,255.826663635,255.862288049,44929.7,59990.0
403,Spectrogram 1,1,255.841451128,255.874386907,65763.1,83584.3
404,Spectrogram 1,1,256.126446438,256.151316312,47690.8,59488.0
405,Spectrogram 1,1,256.341537238,256.375145175,42670.7,54467.9
406,Spectrogram 1,1,256.360357683,256.399342890,58232.9,72540.2
407,Spectrogram 1,1,258.050175173,258.079078000,58985.9,74799.2
408,Spectrogram 1,1,258.179901812,258.211493273,38152.6,51706.8
409,Spectrogram 1,1,258.199394416,258.222247813,55471.9,73544.2
410,Spectrogram 1,1,258.401717407,258.446752043,44427.7,57730.9
411,Spectrogram 1,1,258.429275915,258.453473630,59739.0,75552.2
412,Spectrogram 1,1,258.801652746,258.839965795,41164.7,55722.9
413,Spectrogram 1,1,258.912558940,258.928690750,45682.7,56977.9
414,Spectrogram 1,1,259.019433844,259.042959400,46686.7,54467.9
415,Spectrogram 1,1,259.244609141,259.270823332,43423.7,51455.8
416,Spectrogram 1,1,260.215885208,260.260919844,46184.7,62751.0
417,Spectrogram 1,1,261.029874547,261.059449532,43925.7,55471.9
418,Spectrogram 1,1,261.058105214,261.089696675,60492.0,71034.1
419,Spectrogram 1,1,261.287985392,261.351840473,45933.7,56726.9
420,Spectrogram 1,1,261.306805837,261.344446727,28865.5,38403.6
421,Spectrogram 1,1,261.509127180,261.556178292,48694.8,64759.0
422,Spectrogram 1,1,261.540718641,261.555506133,68022.1,81827.3
423,Spectrogram 1,1,261.818995258,261.854619672,46435.7,55973.9
424,Spectrogram 1,1,262.503928447,262.540225019,53965.9,89859.4
425,Spectrogram 1,1,262.778844048,262.812451985,49196.8,60241.0
426,Spectrogram 1,1,263.351527638,263.389840687,48694.8,67269.1
427,Spectrogram 1,1,263.655341998,263.682900507,29116.5,40662.7
428,Spectrogram 1,1,264.056612209,264.096941734,51204.8,65763.1
429,Spectrogram 1,1,264.080137766,264.095597417,67520.1,81827.3
430,Spectrogram 1,1,264.770448914,264.802040375,48694.8,61747.0
431,Spectrogram 1,1,265.560914597,265.593850376,43674.7,56726.9
432,Spectrogram 1,1,265.581079359,265.606621392,57479.9,72791.2
433,Spectrogram 1,1,266.215600038,266.277438643,31626.5,41164.7
434,Spectrogram 1,1,266.210222768,266.251896610,65763.1,81074.3
435,Spectrogram 1,1,266.203501180,266.223665943,48443.8,55722.9
436,Spectrogram 1,1,266.247191499,266.257946039,52710.8,63253.0
437,Spectrogram 1,1,266.334572137,266.355409058,54969.9,62500.0
438,Spectrogram 1,1,266.345326677,266.361458487,34638.6,39658.6
439,Spectrogram 1,1,267.061181283,267.108232396,45682.7,59990.0
440,Spectrogram 1,1,267.254093836,267.282324504,53714.9,63755.0
441,Spectrogram 1,1,267.354917649,267.388525586,46184.7,58483.9
442,Spectrogram 1,1,267.461118731,267.497415304,49698.8,63504.0
443,Spectrogram 1,1,267.484644287,267.517580066,66014.1,88353.4
444,Spectrogram 1,1,268.695192425,268.744932172,63002.0,77811.2
445,Spectrogram 1,1,269.015142440,269.050094695,46184.7,58483.9
446,Spectrogram 1,1,269.679239152,269.726290265,46435.7,60743.0
447,Spectrogram 1,1,269.700076073,269.728306741,66265.1,81074.3
448,Spectrogram 1,1,269.890971935,269.936006571,45180.7,57730.9
449,Spectrogram 1,1,270.333927417,270.422652372,45180.7,88855.4
450,Spectrogram 1,1,270.495245517,270.536919359,47941.8,61998.0
451,Spectrogram 1,1,270.599430123,270.645809077,50953.8,58734.9
452,Spectrogram 1,1,270.624972155,270.645809077,63504.0,81576.3
453,Spectrogram 1,1,271.071288446,271.093469684,46686.7,63504.0
454,Spectrogram 1,1,271.090108891,271.121700352,64006.0,80321.3
455,Spectrogram 1,1,271.310578401,271.337464751,35893.6,45933.7
456,Spectrogram 1,1,271.303856813,271.316627830,54467.9,64257.0
457,Spectrogram 1,1,271.310578401,271.324693735,78313.3,86345.4
458,Spectrogram 1,1,271.319316465,271.369728371,60241.0,73042.2
459,Spectrogram 1,1,272.155488044,272.192456775,49447.8,60743.0
460,Spectrogram 1,1,272.176324965,272.191112458,66516.1,82580.3
461,Spectrogram 1,1,272.357807828,272.413597004,46686.7,67018.1
462,Spectrogram 1,1,272.564834950,272.589032665,51706.8,61998.0
463,Spectrogram 1,1,274.309100795,274.332626351,69779.1,88102.4
464,Spectrogram 1,1,274.944965734,274.969835607,47439.8,59236.9
465,Spectrogram 1,1,275.120400281,275.157369012,52961.8,62249.0
466,Spectrogram 1,1,275.322049235,275.369100347,44678.7,59488.0
467,Spectrogram 1,1,276.441873121,276.499678773,28614.5,37399.6
468,Spectrogram 1,1,276.443889597,276.494301503,47188.8,82831.3
469,Spectrogram 1,1,277.294847459,277.327783238,39407.6,51204.8
470,Spectrogram 1,1,277.316356539,277.343915048,56224.9,67269.1
471,Spectrogram 1,1,278.223776612,278.247302168,41666.7,55220.9
472,Spectrogram 1,1,278.235875470,278.280237947,60492.0,81325.3
473,Spectrogram 1,1,278.522889698,278.557841953,42419.7,56475.9
474,Spectrogram 1,1,278.544398778,278.588089097,63002.0,75552.2
475,Spectrogram 1,1,278.680180851,278.720510376,42419.7,60241.0
476,Spectrogram 1,1,278.703706407,278.720510376,62751.0,75301.2
477,Spectrogram 1,1,279.244122042,279.291845313,44176.7,56475.9
478,Spectrogram 1,1,279.510298792,279.556677746,45431.7,59739.0
479,Spectrogram 1,1,279.694470290,279.731439021,45682.7,59990.0
480,Spectrogram 1,1,279.705224830,279.741521402,30873.5,40160.6
481,Spectrogram 1,1,280.263793643,280.302778850,49698.8,63253.0
482,Spectrogram 1,1,280.548118680,280.574332871,31626.5,40411.6
483,Spectrogram 1,1,280.562234013,280.584415252,61245.0,67520.1
484,Spectrogram 1,1,282.686941674,282.707106437,54718.9,66265.1
485,Spectrogram 1,1,284.390861838,284.434552157,44929.7,59990.0
486,Spectrogram 1,1,284.419092505,284.432535680,65512.0,78564.3
487,Spectrogram 1,1,285.163849716,285.191408224,42419.7,52710.8
488,Spectrogram 1,1,288.802271248,288.829157598,53463.9,67018.1
489,Spectrogram 1,1,290.186254985,290.216502128,29116.5,38654.6
490,Spectrogram 1,1,290.971325772,291.004933710,54467.9,66767.1
491,Spectrogram 1,1,293.862301326,293.883138247,55471.9,66516.1
492,Spectrogram 1,1,294.088148670,294.103608321,52459.8,61245.0
493,Spectrogram 1,1,294.369784515,294.389949277,55220.9,64759.0
494,Spectrogram 1,1,294.944485034,294.986158876,55471.9,72540.2
495,Spectrogram 1,1,294.973387860,295.001618528,76305.2,94377.5
496,Spectrogram 1,1,295.082951518,295.108493550,52459.8,64508.0
497,Spectrogram 1,1,295.168315679,295.190496918,56977.9,67771.1
498,Spectrogram 1,1,295.436509337,295.452641147,55220.9,64759.0
499,Spectrogram 1,1,296.040111227,296.085145863,36646.6,45933.7
500,Spectrogram 1,1,296.298222302,296.318387065,38905.6,49196.8
501,Spectrogram 1,1,296.292845032,296.320403541,62751.0,79317.3
502,Spectrogram 1,1,296.823182280,296.849396471,59236.9,75050.2
503,Spectrogram 1,1,297.066505076,297.102801649,60743.0,72289.2
504,Spectrogram 1,1,297.071882346,297.104145966,37650.6,44427.7
505,Spectrogram 1,1,297.475179578,297.492655706,55722.9,66516.1
506,Spectrogram 1,1,298.431666395,298.474012396,52208.8,64759.0
507,Spectrogram 1,1,298.605083353,298.647429354,48192.8,56475.9
508,Spectrogram 1,1,298.317399408,298.344285758,65763.1,81827.3
509,Spectrogram 1,1,298.338236329,298.357056774,52961.8,62751.0
510,Spectrogram 1,1,298.289168740,298.324793154,44427.7,54969.9
511,Spectrogram 1,1,298.311349979,298.399402775,31877.5,39909.6
512,Spectrogram 1,1,298.790599167,298.830928692,50953.8,64257.0
513,Spectrogram 1,1,298.812780406,298.837650280,70783.1,87600.4
514,Spectrogram 1,1,299.000314249,299.035938663,55722.9,67018.1
515,Spectrogram 1,1,299.089711363,299.121974983,50200.8,60743.0
516,Spectrogram 1,1,299.361942441,299.389500950,35642.6,43925.7
517,Spectrogram 1,1,300.468991109,300.509992793,46184.7,63755.0
518,Spectrogram 1,1,300.830617527,300.872291370,51957.8,65763.1
519,Spectrogram 1,1,301.690984936,301.728625826,32881.5,43925.7
520,Spectrogram 1,1,301.688968460,301.700395159,48694.8,60492.0
521,Spectrogram 1,1,301.707788905,301.729297985,55973.9,69277.1
522,Spectrogram 1,1,302.072101946,302.118480900,50200.8,67269.1
523,Spectrogram 1,1,302.470693963,302.508334853,58483.9,76054.2
524,Spectrogram 1,1,302.764429772,302.808792250,56726.9,72289.2
525,Spectrogram 1,1,303.435247530,303.458100928,52710.8,62500.0
526,Spectrogram 1,1,303.749148109,303.782083887,45682.7,60492.0
527,Spectrogram 1,1,303.778050935,303.796871380,63002.0,79819.3
528,Spectrogram 1,1,303.797543539,303.809642396,51204.8,61245.0
529,Spectrogram 1,1,303.891645972,303.923909592,50451.8,65261.0
530,Spectrogram 1,1,304.635729798,304.668665577,47439.8,68775.1
531,Spectrogram 1,1,304.977188997,305.010124776,56224.9,68524.1
532,Spectrogram 1,1,305.391240880,305.429553929,56475.9,70783.1
533,Spectrogram 1,1,305.637245522,305.671525618,57228.9,68273.1
534,Spectrogram 1,1,305.837545512,305.878547196,53212.9,67771.1
535,Spectrogram 1,1,306.077507856,306.129936239,51957.8,71285.1
536,Spectrogram 1,1,306.338979273,306.365193464,51957.8,63755.0
537,Spectrogram 1,1,306.933844436,306.998371676,42670.7,57981.9
538,Spectrogram 1,1,307.341174732,307.375454828,48945.8,66014.1
539,Spectrogram 1,1,307.551561972,307.602646037,52710.8,68273.1
540,Spectrogram 1,1,307.800261927,307.852018151,49447.8,65010.0
541,Spectrogram 1,1,308.478475784,308.530232008,46435.7,58483.9
542,Spectrogram 1,1,308.752046051,308.783637512,46686.7,59488.0
543,Spectrogram 1,1,308.937562972,308.976548179,51204.8,66767.1
544,Spectrogram 1,1,309.326745108,309.347582029,48443.8,58232.9
545,Spectrogram 1,1,309.549232215,309.592922534,56224.9,66516.1
546,Spectrogram 1,1,310.764502888,310.801471619,47439.8,57981.9
547,Spectrogram 1,1,310.991694216,311.016564090,48192.8,60492.0
548,Spectrogram 1,1,311.339202272,311.366088622,51455.8,59990.0
549,Spectrogram 1,1,312.996075421,313.024978247,47188.8,58483.9
550,Spectrogram 1,1,313.350975241,313.407436576,44427.7,58734.9
551,Spectrogram 1,1,313.964001814,313.995593275,48694.8,57228.9
552,Spectrogram 1,1,314.156912377,314.183798727,45933.7,55973.9
553,Spectrogram 1,1,314.472157615,314.525930315,44929.7,53965.9
554,Spectrogram 1,1,315.233720018,315.256573416,50953.8,59739.0
555,Spectrogram 1,1,315.972424000,316.010064890,46686.7,57981.9
556,Spectrogram 1,1,316.145170134,316.179450231,50953.8,61747.0
557,Spectrogram 1,1,317.340949102,317.365818976,48694.8,60743.0
558,Spectrogram 1,1,317.769789146,317.804741401,54467.9,61998.0
559,Spectrogram 1,1,318.217449427,318.247024412,55220.9,65010.0
560,Spectrogram 1,1,318.742411298,318.759215266,47690.8,56726.9
561,Spectrogram 1,1,319.568499174,319.598074159,46937.8,58483.9
562,Spectrogram 1,1,319.597402001,319.610845176,68022.1,78815.3
563,Spectrogram 1,1,319.936171681,319.985239270,48192.8,59488.0
564,Spectrogram 1,1,320.178150835,320.194282645,45933.7,56224.9
565,Spectrogram 1,1,320.547169218,320.590187378,44678.7,55722.9
566,Spectrogram 1,1,320.862414344,320.881906947,47941.8,58232.9
567,Spectrogram 1,1,321.702621311,321.722786073,45682.7,53212.9
568,Spectrogram 1,1,321.804789441,321.832347949,44427.7,56224.9
569,Spectrogram 1,1,321.824954203,321.847135442,61245.0,72038.2
570,Spectrogram 1,1,322.032651257,322.069619988,46937.8,55471.9
571,Spectrogram 1,1,322.138180181,322.190608563,44929.7,55722.9
572,Spectrogram 1,1,322.361338756,322.388897265,46686.7,55471.9
573,Spectrogram 1,1,323.148428707,323.194807661,44427.7,57981.9
574,Spectrogram 1,1,323.317812712,323.349404173,52710.8,63253.0
575,Spectrogram 1,1,323.513410908,323.545674528,50702.8,62249.0
576,Spectrogram 1,1,323.740600566,323.783618726,49447.8,59739.0
577,Spectrogram 1,1,324.098868736,324.139198261,50702.8,63002.0
578,Spectrogram 1,1,324.347567474,324.396635062,48192.8,62500.0
579,Spectrogram 1,1,324.949154892,324.986795782,46686.7,58985.9
580,Spectrogram 1,1,326.331123022,326.352632102,47188.8,57228.9
581,Spectrogram 1,1,326.544869504,326.571755854,45933.7,58232.9
582,Spectrogram 1,1,326.565034267,326.586543347,62500.0,79317.3
583,Spectrogram 1,1,326.845324465,326.868850021,47941.8,58985.9
584,Spectrogram 1,1,327.417336015,327.438845095,55220.9,64759.0
585,Spectrogram 1,1,327.427418396,327.459009858,70030.1,85341.4
586,Spectrogram 1,1,327.854242320,327.882472988,65261.0,79317.3
587,Spectrogram 1,1,328.021610836,328.070006266,47188.8,54467.9
588,Spectrogram 1,1,328.048497186,328.079416489,61747.0,74297.2
589,Spectrogram 1,1,328.244097929,328.269639961,48192.8,59990.0
590,Spectrogram 1,1,328.783176150,328.805357388,48945.8,56224.9
591,Spectrogram 1,1,328.808718182,328.848375548,67269.1,78062.2
592,Spectrogram 1,1,329.077581682,329.103795873,50953.8,62500.0
593,Spectrogram 1,1,329.721513543,329.753777163,50702.8,68022.1
594,Spectrogram 1,1,329.911062310,329.947358883,47690.8,61496.0
595,Spectrogram 1,1,330.056921977,330.085824803,69026.1,80070.3
596,Spectrogram 1,1,331.342766469,331.389145423,46184.7,63755.0
597,Spectrogram 1,1,331.550464629,331.595499266,51706.8,66014.1
598,Spectrogram 1,1,331.765556758,331.787737997,47690.8,57730.9
599,Spectrogram 1,1,331.789082314,331.812607871,68273.1,80321.3
600,Spectrogram 1,1,331.902006209,331.932925512,45431.7,54969.9
601,Spectrogram 1,1,332.086851647,332.108360727,50200.8,56977.9
602,Spectrogram 1,1,332.389997247,332.415539280,45682.7,56977.9
603,Spectrogram 1,1,332.492838308,332.529807039,50200.8,59488.0
604,Spectrogram 1,1,332.528462722,332.550643961,66265.1,78062.2
605,Spectrogram 1,1,333.371360669,333.429838481,48694.8,56977.9
606,Spectrogram 1,1,333.512514007,333.540744674,54216.9,61998.0
607,Spectrogram 1,1,333.534695246,333.574352612,65512.0,80321.3
608,Spectrogram 1,1,333.653667344,333.722227537,45431.7,54216.9
609,Spectrogram 1,1,333.795492841,333.844560429,45682.7,55220.9
610,Spectrogram 1,1,333.907743352,333.946728559,47690.8,63002.0
611,Spectrogram 1,1,333.933957543,333.969581957,65763.1,83584.3
612,Spectrogram 1,1,333.971598433,333.985041608,55220.9,63755.0
613,Spectrogram 1,1,334.060995547,334.147704026,46686.7,59739.0
614,Spectrogram 1,1,334.235086103,334.273399152,50200.8,63504.0
615,Spectrogram 1,1,334.258611659,334.292891756,66265.1,87098.4
616,Spectrogram 1,1,334.487147973,334.534871244,69026.1,89608.4
617,Spectrogram 1,1,335.775686385,335.807277846,61245.0,69277.1
618,Spectrogram 1,1,341.363362270,341.396298048,49196.8,65010.0
619,Spectrogram 1,1,341.570387164,341.587863292,45933.7,58232.9
620,Spectrogram 1,1,341.590551927,341.607355896,65010.0,77811.2
621,Spectrogram 1,1,341.936043952,341.959569508,46184.7,62751.0
622,Spectrogram 1,1,341.956208715,341.986455858,65512.0,85843.4
623,Spectrogram 1,1,342.174660308,342.204235293,50451.8,62500.0
624,Spectrogram 1,1,342.932864116,342.957733990,46937.8,60492.0
625,Spectrogram 1,1,342.952356720,342.984620340,64257.0,79819.3
626,Spectrogram 1,1,343.287091777,343.312633810,48694.8,62249.0
627,Spectrogram 1,1,343.299862793,343.318683238,66265.1,82078.3
628,Spectrogram 1,1,343.911532682,343.941779826,66265.1,84086.3
629,Spectrogram 1,1,343.890023602,343.917582111,50953.8,64257.0
630,Spectrogram 1,1,344.119901895,344.152837674,52208.8,62249.0
631,Spectrogram 1,1,344.142755292,344.163592214,65763.1,80572.3
632,Spectrogram 1,1,344.256350121,344.299368281,46184.7,58483.9
633,Spectrogram 1,1,344.937923734,344.960777131,68022.1,88604.4
634,Spectrogram 1,1,345.044796975,345.075044118,44929.7,59739.0
635,Spectrogram 1,1,345.068322531,345.091848087,66265.1,79317.3
636,Spectrogram 1,1,347.099593425,347.121774663,46184.7,57228.9
637,Spectrogram 1,1,347.123791140,347.147316696,61998.0,74297.2
638,Spectrogram 1,1,347.406097815,347.427606895,60994.0,68273.1
639,Spectrogram 1,1,347.610434075,347.638664742,46435.7,59488.0
640,Spectrogram 1,1,347.884676841,347.909546715,52710.8,62751.0
641,Spectrogram 1,1,347.901480810,347.922317731,64508.0,81074.3
642,Spectrogram 1,1,348.369310056,348.417033327,53463.9,65010.0
643,Spectrogram 1,1,348.622713904,348.659010477,50200.8,61747.0
644,Spectrogram 1,1,348.982318836,349.018615408,52961.8,69779.1
645,Spectrogram 1,1,350.038959153,350.073911408,53463.9,68524.1
646,Spectrogram 1,1,350.241953976,350.265479532,55220.9,68524.1
647,Spectrogram 1,1,350.476537380,350.528293603,54718.9,69277.1
648,Spectrogram 1,1,351.192391778,351.213900858,52710.8,63504.0
649,Spectrogram 1,1,351.644759724,351.670973915,54969.9,65512.0
650,Spectrogram 1,1,351.850440302,351.877326652,56977.9,70030.1
651,Spectrogram 1,1,352.110568076,352.132077156,55471.9,67520.1
652,Spectrogram 1,1,353.086550762,353.110076318,54718.9,63002.0
653,Spectrogram 1,1,353.203506384,353.239130798,54718.9,67520.1
654,Spectrogram 1,1,353.353397786,353.378267659,54969.9,65010.0
655,Spectrogram 1,1,355.931813271,355.965421208,57981.9,69026.1
656,Spectrogram 1,1,355.613882182,355.640096373,53965.9,65261.0
657,Spectrogram 1,1,356.837217543,356.878219227,51706.8,67018.1
658,Spectrogram 1,1,357.534923098,357.561809448,54969.9,69528.1
659,Spectrogram 1,1,358.066603543,358.096850686,54467.9,67771.1
661,Spectrogram 1,1,358.364373529,358.385210450,56726.9,65010.0
662,Spectrogram 1,1,358.560643883,358.592235345,59488.0,72289.2
663,Spectrogram 1,1,358.783133329,358.828840124,58734.9,71787.1
664,Spectrogram 1,1,359.027126955,359.054685464,56726.9,68524.1
665,Spectrogram 1,1,359.265743311,359.291285344,57981.9,65010.0
666,Spectrogram 1,1,359.623336978,359.623336978,56475.9,57981.9
667,Spectrogram 1,1,360.786851413,360.838607636,35391.6,45933.7
668,Spectrogram 1,1,360.821131509,360.848690017,53714.9,67771.1
669,Spectrogram 1,1,374.986274413,375.002406223,57981.9,68022.1
670,Spectrogram 1,1,375.529380999,375.565677572,55220.9,70532.1
671,Spectrogram 1,1,376.718433630,376.745319980,50451.8,64759.0
672,Spectrogram 1,1,379.899783538,379.913898872,53463.9,62249.0
673,Spectrogram 1,1,379.907177284,379.933391475,67520.1,83333.3
674,Spectrogram 1,1,379.995230080,380.024132907,52961.8,63002.0
675,Spectrogram 1,1,380.083956810,380.102105096,57479.9,66516.1
676,Spectrogram 1,1,380.411973813,380.432810735,56726.9,65010.0
677,Spectrogram 1,1,380.580685659,380.610260644,55220.9,67771.1
678,Spectrogram 1,1,381.645362987,381.676282290,55220.9,67520.1
679,Spectrogram 1,1,383.386939967,383.442056984,50702.8,63253.0
680,Spectrogram 1,1,383.647737562,383.684706293,50702.8,61496.0
681,Spectrogram 1,1,384.507436361,384.535667028,53714.9,66516.1
682,Spectrogram 1,1,384.694296493,384.731265224,53212.9,67771.1
683,Spectrogram 1,1,384.870402086,384.898632753,53212.9,63253.0
684,Spectrogram 1,1,384.972575219,384.992739981,58483.9,66516.1
685,Spectrogram 1,1,385.086842206,385.109023445,53965.9,64006.0
686,Spectrogram 1,1,385.181616590,385.225306909,53965.9,64257.0
687,Spectrogram 1,1,386.562240988,386.582405751,60241.0,71536.1
688,Spectrogram 1,1,386.925878872,386.956798174,54969.9,64257.0
689,Spectrogram 1,1,392.000707159,392.020199762,49698.8,67018.1
690,Spectrogram 1,1,392.111613352,392.151270719,50451.8,64006.0
691,Spectrogram 1,1,392.654722076,392.682280585,46937.8,60241.0
692,Spectrogram 1,1,392.672870362,392.703789665,66265.1,79066.3
693,Spectrogram 1,1,393.600455309,393.620620072,55722.9,62751.0
694,Spectrogram 1,1,395.352113528,395.376983401,54718.9,66265.1
695,Spectrogram 1,1,400.667564087,400.705877136,55471.9,69026.1
696,Spectrogram 1,1,400.978101430,401.003643462,56475.9,67520.1
697,Spectrogram 1,1,401.009692891,401.019775272,79317.3,92369.5
698,Spectrogram 1,1,401.721516542,401.738992670,54216.9,64006.0
699,Spectrogram 1,1,401.735631876,401.774617083,77309.2,91867.5
700,Spectrogram 1,1,401.972903915,402.017938551,54718.9,70783.1
701,Spectrogram 1,1,402.598013542,402.626916368,49949.8,60994.0
702,Spectrogram 1,1,403.283615112,403.310501462,55973.9,67269.1
703,Spectrogram 1,1,403.735977951,403.755470555,52710.8,62500.0
704,Spectrogram 1,1,403.817976881,403.837469485,53714.9,65261.0
705,Spectrogram 1,1,404.865206732,404.895453875,52961.8,65763.1
706,Spectrogram 1,1,405.349835967,405.378066634,33383.5,44678.7
707,Spectrogram 1,1,405.693983243,405.716836641,55722.9,63755.0
713,Spectrogram 1,1,413.930672916,413.952181996,54718.9,64006.0
714,Spectrogram 1,1,414.514782856,414.566539080,45682.7,57228.9
715,Spectrogram 1,1,415.196355384,415.243406497,47690.8,61496.0
716,Spectrogram 1,1,419.174863605,419.196372685,53212.9,61747.0
717,Spectrogram 1,1,419.281064687,419.303918085,51706.8,61747.0
718,Spectrogram 1,1,419.665542833,419.698478611,50953.8,67018.1
719,Spectrogram 1,1,419.690412706,419.708560993,69026.1,87349.4
720,Spectrogram 1,1,419.886684954,419.927686638,50953.8,65010.0
721,Spectrogram 1,1,420.087662202,420.116565028,52710.8,63002.0
722,Spectrogram 1,1,420.116565028,420.125975251,70783.1,83835.3
723,Spectrogram 1,1,420.213356660,420.259735614,51957.8,63755.0
724,Spectrogram 1,1,421.214207579,421.233028024,65261.0,77560.2
725,Spectrogram 1,1,421.223617801,421.261930850,52208.8,62500.0
726,Spectrogram 1,1,422.287652066,422.312521940,61998.0,69026.1
727,Spectrogram 1,1,422.537022962,422.570630900,51706.8,62500.0
728,Spectrogram 1,1,425.225011035,425.259291131,59488.0,72791.2
729,Spectrogram 1,1,430.184224178,430.234636084,49949.8,67018.1
730,Spectrogram 1,1,430.754890846,430.783121514,64006.0,79568.3
731,Spectrogram 1,1,431.002248251,431.018380061,68524.1,76054.2
733,Spectrogram 1,1,431.216666892,431.288587878,49698.8,62249.0
734,Spectrogram 1,1,431.457300608,431.482842640,48945.8,66014.1
735,Spectrogram 1,1,431.479481846,431.496285815,71034.1,85843.4
736,Spectrogram 1,1,431.569551668,431.604503923,45682.7,61747.0
737,Spectrogram 1,1,431.897000000,431.930503701,49949.8,65010.0
738,Spectrogram 1,1,431.928487224,431.945291193,68022.1,87600.4
739,Spectrogram 1,1,432.253815622,432.271963909,56224.9,64257.0
740,Spectrogram 1,1,432.945470176,432.977061637,48694.8,59739.0
741,Spectrogram 1,1,433.064443945,433.087969501,49698.8,59488.0
742,Spectrogram 1,1,433.167284790,433.183416600,49698.8,57228.9
743,Spectrogram 1,1,433.443544041,433.505382646,50200.8,62500.0
744,Spectrogram 1,1,434.928351457,434.953893489,67520.1,78564.3
745,Spectrogram 1,1,439.084338077,439.111224427,50702.8,65010.0
746,Spectrogram 1,1,439.109207951,439.121978967,73042.2,86094.4
747,Spectrogram 1,1,446.361808746,446.412220652,56475.9,69528.1
748,Spectrogram 1,1,449.167416471,449.188925551,54718.9,64759.0
749,Spectrogram 1,1,450.088273863,450.120537483,50451.8,59488.0
750,Spectrogram 1,1,450.956037483,450.993678373,56475.9,70532.1
751,Spectrogram 1,1,451.073666823,451.106602602,54718.9,67771.1
752,Spectrogram 1,1,451.296153707,451.314974152,51957.8,60994.0
753,Spectrogram 1,1,451.390255932,451.427896822,51706.8,67269.1
754,Spectrogram 1,1,451.583166377,451.622823743,53965.9,66265.1
755,Spectrogram 1,1,451.989153380,452.041581762,52208.8,70783.1
756,Spectrogram 1,1,454.531275632,454.568916522,55722.9,63504.0
757,Spectrogram 1,1,454.540013696,454.559506300,36144.6,43172.7
758,Spectrogram 1,1,455.321066818,455.345936692,48443.8,59236.9
759,Spectrogram 1,1,455.339887263,455.361396343,66014.1,80321.3
760,Spectrogram 1,1,456.292344110,456.342083857,48945.8,60994.0
761,Spectrogram 1,1,456.334017952,456.345444651,66265.1,78564.3
762,Spectrogram 1,1,456.623719806,456.646572054,50200.8,60241.0
763,Spectrogram 1,1,460.921529163,460.963203006,47439.8,63755.0
764,Spectrogram 1,1,461.131914852,461.157456884,70281.1,82580.3
765,Spectrogram 1,1,461.122504629,461.141997233,53212.9,62249.0
766,Spectrogram 1,1,465.547341266,465.560112282,65010.0,76807.2
767,Spectrogram 1,1,466.253789221,466.286052841,46435.7,54216.9
768,Spectrogram 1,1,466.388220971,466.411074368,47188.8,57228.9
769,Spectrogram 1,1,468.059219486,468.093499582,44929.7,54718.9
770,Spectrogram 1,1,468.077367772,468.096860376,65010.0,72791.2
771,Spectrogram 1,1,468.330099462,468.397315337,46686.7,59236.9
772,Spectrogram 1,1,468.479990863,468.493434038,49698.8,58985.9
773,Spectrogram 1,1,468.785153274,468.846319720,65512.0,82078.3
774,Spectrogram 1,1,468.918912865,468.976718517,52459.8,63253.0
775,Spectrogram 1,1,468.777087369,468.789186226,49447.8,58985.9
776,Spectrogram 1,1,472.192346919,472.213855999,46184.7,55722.9
777,Spectrogram 1,1,472.199740665,472.234020761,63755.0,79819.3
778,Spectrogram 1,1,472.756291666,472.779817222,53463.9,61998.0
779,Spectrogram 1,1,472.862492748,472.873919447,51706.8,60492.0
780,Spectrogram 1,1,472.871902971,472.887362622,66516.1,77811.2
781,Spectrogram 1,1,473.050030919,473.089016126,51706.8,66516.1
782,Spectrogram 1,1,473.190512097,473.226136511,47439.8,58985.9
783,Spectrogram 1,1,473.702701059,473.754457282,38152.6,46435.7
784,Spectrogram 1,1,473.718160710,473.753112965,65010.0,75301.2
785,Spectrogram 1,1,473.696651630,473.726898774,80572.3,87851.4
786,Spectrogram 1,1,473.733620361,473.803524871,89357.4,105923.7
787,Spectrogram 1,1,474.005172496,474.041469069,52459.8,65763.1
788,Spectrogram 1,1,474.032731005,474.079109959,66767.1,86345.4
789,Spectrogram 1,1,474.136915611,474.191360470,51957.8,62500.0
790,Spectrogram 1,1,474.331173929,474.381585835,33383.5,45180.7
791,Spectrogram 1,1,474.358732438,474.384274470,54467.9,68273.1
792,Spectrogram 1,1,474.325796659,474.365454025,73544.2,84337.3
793,Spectrogram 1,1,474.321091548,474.337895516,52459.8,60743.0
794,Spectrogram 1,1,474.518034061,474.582561301,55471.9,69779.1
795,Spectrogram 1,1,474.565085174,474.620202191,73544.2,95632.5
796,Spectrogram 1,1,477.198619814,477.237605021,44176.7,55973.9
797,Spectrogram 1,1,481.058171825,481.083041699,48945.8,57479.9
798,Spectrogram 1,1,481.301493293,481.336445548,51706.8,63504.0
799,Spectrogram 1,1,482.686818126,482.704294253,46435.7,56977.9
800,Spectrogram 1,1,482.812512918,482.862252666,46184.7,60241.0
801,Spectrogram 1,1,482.858219713,482.879056634,67269.1,80321.3
802,Spectrogram 1,1,482.972488148,482.996013704,47439.8,57981.9
803,Spectrogram 1,1,482.981898371,483.030965959,65261.0,83333.3
804,Spectrogram 1,1,483.110953964,483.182202791,44929.7,59990.0
805,Spectrogram 1,1,483.404689891,483.467200655,47941.8,61747.0
806,Spectrogram 1,1,483.295800174,483.315964936,47690.8,60241.0
807,Spectrogram 1,1,484.378655135,484.412935232,51706.8,66265.1
808,Spectrogram 1,1,485.250451143,485.279353970,42921.7,59236.9
809,Spectrogram 1,1,485.275993176,485.306912478,64508.0,83835.3
810,Spectrogram 1,1,486.472441148,486.507393403,51706.8,65010.0
811,Spectrogram 1,1,486.498655339,486.535624071,66265.1,82580.3
812,Spectrogram 1,1,486.639134789,486.702989871,46937.8,58232.9
813,Spectrogram 1,1,486.811207504,486.873046109,64759.0,84086.3
814,Spectrogram 1,1,487.619148223,487.660822065,51706.8,61245.0
815,Spectrogram 1,1,487.652084002,487.672920923,69026.1,87349.4
817,Spectrogram 1,1,487.875242488,487.916916331,45180.7,64508.0
818,Spectrogram 1,1,487.904817473,487.935736776,66767.1,81074.3
819,Spectrogram 1,1,488.962803696,488.982296300,46435.7,59488.0
820,Spectrogram 1,1,488.979607665,489.002461062,66014.1,81074.3
821,Spectrogram 1,1,489.196045121,489.218898518,45431.7,57730.9
822,Spectrogram 1,1,489.212849089,489.255867249,62249.0,78564.3
823,Spectrogram 1,1,489.618841993,489.641023232,45180.7,56977.9
824,Spectrogram 1,1,489.625563581,489.680008439,62249.0,78313.3
825,Spectrogram 1,1,489.940806034,489.991217941,47188.8,58483.9
826,Spectrogram 1,1,490.101451976,490.140437183,49949.8,61747.0
827,Spectrogram 1,1,490.130354802,490.145142294,67520.1,81325.3
828,Spectrogram 1,1,490.256720647,490.303099601,46686.7,59990.0
829,Spectrogram 1,1,490.420729943,490.488617977,49196.8,61747.0
830,Spectrogram 1,1,490.559194645,490.702364459,51204.8,65010.0
831,Spectrogram 1,1,490.688921284,490.737988873,66516.1,89859.4
832,Spectrogram 1,1,490.816633339,490.883849214,49447.8,60994.0
833,Spectrogram 1,1,490.871078198,490.914096358,65010.0,85843.4
834,Spectrogram 1,1,491.011560490,491.029036618,46686.7,54969.9
835,Spectrogram 1,1,491.496865009,491.545932598,48945.8,63253.0
836,Spectrogram 1,1,491.534505899,491.575507583,66265.1,89357.4
837,Spectrogram 1,1,491.671626284,491.737497841,45431.7,62249.0
838,Spectrogram 1,1,491.816142085,491.838995483,53463.9,64508.0
839,Spectrogram 1,1,491.834962530,491.881341484,65261.0,83584.3
840,Spectrogram 1,1,491.957295423,492.047364695,46686.7,61496.0
841,Spectrogram 1,1,492.030563176,492.052744415,65261.0,79819.3
842,Spectrogram 1,1,492.296067998,492.337069682,62249.0,73795.2
843,Spectrogram 1,1,492.342446952,492.356562285,68775.1,87851.4
844,Spectrogram 1,1,492.814305400,492.853290608,58985.9,79568.3
845,Spectrogram 1,1,492.826404258,492.905046832,45431.7,60492.0
846,Spectrogram 1,1,492.943361550,493.003183679,44678.7,56475.9
847,Spectrogram 1,1,492.993773457,493.004527997,67018.1,74548.2
848,Spectrogram 1,1,493.085187047,493.144337017,50451.8,66767.1
849,Spectrogram 1,1,493.125518242,493.180635259,67771.1,90863.5
850,Spectrogram 1,1,493.375563746,493.429336446,46184.7,64257.0
851,Spectrogram 1,1,493.417909748,493.452189844,67771.1,86596.4
852,Spectrogram 1,1,493.552341498,493.588638070,44427.7,57981.9
853,Spectrogram 1,1,493.651822774,493.687447188,51706.8,59990.0
854,Spectrogram 1,1,493.952279405,493.980510073,49949.8,62751.0
855,Spectrogram 1,1,493.976477120,494.011429375,64006.0,79317.3
856,Spectrogram 1,1,494.010757217,494.032938455,53965.9,61245.0
857,Spectrogram 1,1,502.931451161,502.965059098,44427.7,57228.9
858,Spectrogram 1,1,503.649316706,503.701072929,45180.7,57981.9
859,Spectrogram 1,1,513.506962999,513.541243095,28112.4,41164.7
860,Spectrogram 1,1,537.344553905,537.380850477,53212.9,65512.0
861,Spectrogram 1,1,538.467735733,538.504032306,50702.8,62249.0
862,Spectrogram 1,1,551.229409607,551.275788561,30120.5,40411.6
863,Spectrogram 1,1,551.233442560,551.248902211,67520.1,75301.2
864,Spectrogram 1,1,551.722103738,551.752350882,49949.8,57479.9
865,Spectrogram 1,1,552.238325659,552.255801787,60994.0,70783.1
866,Spectrogram 1,1,554.096185761,554.127777223,54969.9,64508.0
867,Spectrogram 1,1,555.211975819,555.246255915,54467.9,70281.1
868,Spectrogram 1,1,555.816251086,555.850531182,53212.9,64508.0
869,Spectrogram 1,1,556.216840480,556.245071147,66767.1,76054.2
870,Spectrogram 1,1,556.329090991,556.364715405,55471.9,66767.1
871,Spectrogram 1,1,556.359338135,556.389585279,69277.1,90863.5
872,Spectrogram 1,1,556.560985760,556.593921539,50702.8,61998.0
873,Spectrogram 1,1,556.865480206,556.907826208,53212.9,65261.0
874,Spectrogram 1,1,556.887661445,556.903793255,69779.1,84588.4
875,Spectrogram 1,1,557.526884416,557.590739497,37901.6,48192.8
876,Spectrogram 1,1,557.938920722,557.987316152,36897.6,70532.1
877,Spectrogram 1,1,558.056548503,558.084107012,64257.0,77560.2
878,Spectrogram 1,1,558.078057583,558.113681997,50200.8,59488.0
879,Spectrogram 1,1,558.051171233,558.113009838,30622.5,41917.7
880,Spectrogram 1,1,558.196358859,558.233327590,53212.9,64508.0
881,Spectrogram 1,1,564.854806307,564.889758562,57730.9,67520.1
882,Spectrogram 1,1,564.877659704,564.894463673,68524.1,86094.4
883,Spectrogram 1,1,566.517066876,566.544625385,63504.0,72540.2
884,Spectrogram 1,1,567.439273232,567.483635709,51204.8,61747.0
885,Spectrogram 1,1,567.839885949,567.867444457,50702.8,60743.0
886,Spectrogram 1,1,568.442813572,568.491881161,58232.9,72289.2
887,Spectrogram 1,1,570.680422472,570.707308822,69277.1,86345.4
888,Spectrogram 1,1,571.816376706,571.863427818,66516.1,79066.3
889,Spectrogram 1,1,571.936020963,571.977694806,50200.8,62751.0
890,Spectrogram 1,1,572.142373700,572.188080494,52208.8,66014.1
891,Spectrogram 1,1,572.288905754,572.336629026,46937.8,61747.0
892,Spectrogram 1,1,572.323185851,572.356793788,67018.1,83835.3
893,Spectrogram 1,1,572.176655243,572.201525117,69528.1,87098.4
894,Spectrogram 1,1,572.448207378,572.479798839,57479.9,77309.2
895,Spectrogram 1,1,572.676071978,572.709007757,43674.7,54216.9
896,Spectrogram 1,1,573.283034870,573.322692237,47690.8,57981.9
897,Spectrogram 1,1,573.648691554,573.678938698,57730.9,68775.1
898,Spectrogram 1,1,575.175177860,575.207441480,61747.0,76305.2
899,Spectrogram 1,1,575.142242081,575.205425003,39407.6,47188.8
900,Spectrogram 1,1,575.287428371,575.343217547,55471.9,70030.1
901,Spectrogram 1,1,575.419171486,575.472272027,58483.9,87600.4
902,Spectrogram 1,1,576.974557040,576.992705327,70783.1,90612.4
903,Spectrogram 1,1,576.988000215,577.048494503,58985.9,73042.2
904,Spectrogram 1,1,578.002967455,578.043969139,51455.8,68775.1
905,Spectrogram 1,1,578.025148694,578.051362885,77309.2,97138.6
906,Spectrogram 1,1,578.789397639,578.808890243,44678.7,53965.9
907,Spectrogram 1,1,578.797463544,578.838465228,62500.0,77309.2
908,Spectrogram 1,1,579.457527868,579.503906822,49949.8,65010.0
909,Spectrogram 1,1,581.007536494,581.025012622,52710.8,63253.0
910,Spectrogram 1,1,581.018963193,581.057948400,66767.1,84086.3
911,Spectrogram 1,1,582.527970803,582.553512835,51455.8,60492.0
912,Spectrogram 1,1,582.535364549,582.575694074,64257.0,80572.3
913,Spectrogram 1,1,582.852625706,582.870101833,44929.7,56977.9
914,Spectrogram 1,1,582.866741040,582.901021136,62249.0,76054.2
915,Spectrogram 1,1,583.380273992,583.434046692,29367.5,38403.6
916,Spectrogram 1,1,583.382962627,583.409176818,64759.0,73293.2
917,Spectrogram 1,1,583.749964170,583.789621536,43674.7,53714.9
918,Spectrogram 1,1,583.776178361,583.801720394,61747.0,71787.1
919,Spectrogram 1,1,584.031599792,584.055125348,42921.7,54216.9
920,Spectrogram 1,1,584.028238998,584.066552047,59739.0,74297.2
921,Spectrogram 1,1,584.869787529,584.918182959,64759.0,76305.2
922,Spectrogram 1,1,585.157473359,585.178982439,50702.8,60994.0
923,Spectrogram 1,1,585.176293804,585.211918218,64257.0,79568.3
924,Spectrogram 1,1,585.422976259,585.480109753,43674.7,54718.9
925,Spectrogram 1,1,585.745610374,585.771152407,43674.7,53965.9
926,Spectrogram 1,1,585.753676279,585.792661487,61998.0,76556.2
927,Spectrogram 1,1,586.306866701,586.322326353,65512.0,80070.3
928,Spectrogram 1,1,586.513897498,586.548177594,50702.8,60492.0
929,Spectrogram 1,1,586.535406578,586.568342356,63002.0,84337.3
930,Spectrogram 1,1,586.638246866,586.683953661,48694.8,64006.0
931,Spectrogram 1,1,588.577436403,588.619110246,49698.8,65010.0
932,Spectrogram 1,1,588.595584689,588.625831833,68775.1,93122.5
933,Spectrogram 1,1,590.749194731,590.794901526,49949.8,65512.0
934,Spectrogram 1,1,590.776753240,590.799606637,68775.1,85090.4
935,Spectrogram 1,1,591.249955999,591.280203142,49949.8,59739.0
936,Spectrogram 1,1,591.268104285,591.290285524,65010.0,82078.3
937,Spectrogram 1,1,592.157376866,592.184263216,47439.8,59990.0
938,Spectrogram 1,1,592.179558104,592.198378549,65261.0,84086.3
939,Spectrogram 1,1,592.674270270,592.713255478,52459.8,66265.1
940,Spectrogram 1,1,592.707206049,592.723337859,68524.1,86094.4
941,Spectrogram 1,1,592.810047451,592.840966754,49949.8,61998.0
942,Spectrogram 1,1,592.827523579,592.850376976,66516.1,78564.3
943,Spectrogram 1,1,593.168311628,593.214690581,47188.8,59236.9
944,Spectrogram 1,1,593.202591724,593.220067851,69277.1,80321.3
945,Spectrogram 1,1,593.312825759,593.365926300,67771.1,78815.3
946,Spectrogram 1,1,593.304087695,593.327613251,48192.8,55471.9
947,Spectrogram 1,1,593.433815663,593.476833823,43172.7,54467.9
948,Spectrogram 1,1,593.683860047,593.724189572,48694.8,56977.9
949,Spectrogram 1,1,594.177900165,594.198064927,51204.8,60994.0
950,Spectrogram 1,1,594.194031975,594.224279119,65763.1,83082.3
951,Spectrogram 1,1,594.465586671,594.502555402,46937.8,58985.9
952,Spectrogram 1,1,594.491128703,594.512637783,65512.0,78815.3
953,Spectrogram 1,1,595.466437367,595.511472003,49196.8,60743.0
954,Spectrogram 1,1,595.767565697,595.807223063,47439.8,56977.9
955,Spectrogram 1,1,595.926868879,595.991396119,61747.0,78062.2
956,Spectrogram 1,1,596.057941157,596.123812715,44929.7,56726.9
957,Spectrogram 1,1,597.749776623,597.777335131,44176.7,55973.9
958,Spectrogram 1,1,597.763891956,597.796827735,62751.0,83082.3
959,Spectrogram 1,1,597.794811259,597.815648180,51706.8,61496.0
960,Spectrogram 1,1,598.301622735,598.353378958,46937.8,57981.9
961,Spectrogram 1,1,598.522765732,598.553012876,45682.7,59990.0
962,Spectrogram 1,1,598.809105360,598.852795679,45682.7,54467.9
963,Spectrogram 1,1,598.833975234,598.860189425,60241.0,76054.2
964,Spectrogram 1,1,599.736690299,599.770298237,47188.8,60994.0
965,Spectrogram 1,1,599.766265284,599.787102206,69026.1,81576.3
966,Spectrogram 1,1,601.573709036,601.596562433,71034.1,81576.3
967,Spectrogram 1,1,602.825948128,602.881737304,66265.1,77058.2
968,Spectrogram 1,1,603.487356777,603.557261287,45180.7,54216.9
969,Spectrogram 1,1,603.362335250,603.413419315,64759.0,71536.1
970,Spectrogram 1,1,603.654725753,603.700432548,42670.7,55722.9
971,Spectrogram 1,1,603.678251310,603.695055278,60492.0,74046.2
972,Spectrogram 1,1,604.924446823,604.954021808,46686.7,60743.0
973,Spectrogram 1,1,604.947300221,604.976875206,66767.1,80070.3
974,Spectrogram 1,1,605.087109241,605.117356385,46184.7,56224.9
975,Spectrogram 1,1,605.107274003,605.152308640,61747.0,74297.2
976,Spectrogram 1,1,605.212130768,605.243722230,47188.8,58734.9
977,Spectrogram 1,1,605.370760233,605.406384647,48694.8,56726.9
978,Spectrogram 1,1,605.775399801,605.803630468,49447.8,57981.9
979,Spectrogram 1,1,609.297538546,609.316358991,66265.1,78062.2
980,Spectrogram 1,1,610.964502513,611.002143403,44176.7,53212.9
981,Spectrogram 1,1,612.724892901,612.792108776,42168.7,57730.9
982,Spectrogram 1,1,615.513699634,615.559406429,51455.8,60743.0
983,Spectrogram 1,1,615.863222184,615.892797169,48192.8,58483.9
984,Spectrogram 1,1,617.596059631,617.625634616,52710.8,67520.1
985,Spectrogram 1,1,618.879219466,618.941058071,42670.7,53965.9
986,Spectrogram 1,1,618.919548991,618.952484770,57228.9,71034.1
987,Spectrogram 1,1,619.150101669,619.197152782,44929.7,55471.9
988,Spectrogram 1,1,619.560792878,619.613221260,41917.7,53463.9
989,Spectrogram 1,1,619.589023545,619.616582054,57479.9,71034.1
990,Spectrogram 1,1,619.717406750,619.755047640,43172.7,58985.9
991,Spectrogram 1,1,620.381503804,620.403012884,47690.8,58734.9
992,Spectrogram 1,1,620.392258344,620.431243552,66014.1,82078.3
993,Spectrogram 1,1,621.180034724,621.212298344,66014.1,74548.2
994,Spectrogram 1,1,621.306400569,621.352779522,44678.7,59488.0
995,Spectrogram 1,1,621.489901243,621.536952356,49196.8,59488.0
996,Spectrogram 1,1,621.519476228,621.533591562,62500.0,73293.2
997,Spectrogram 1,1,621.624334330,621.650548521,42419.7,53714.9
998,Spectrogram 1,1,621.633744552,621.660630902,63253.0,70783.1
999,Spectrogram 1,1,621.726502460,621.770864937,43172.7,55973.9
1000,Spectrogram 1,1,621.750028009,621.778258676,60492.0,79066.3
1001,Spectrogram 1,1,622.061240286,622.099553335,46686.7,56977.9
1002,Spectrogram 1,1,622.413454477,622.459833431,68022.1,81827.3
1003,Spectrogram 1,1,623.011678972,623.040581798,49447.8,61245.0
1004,Spectrogram 1,1,623.204590314,623.244247681,50702.8,61496.0
1005,Spectrogram 1,1,624.140243178,624.181917020,60241.0,77058.2
1006,Spectrogram 1,1,624.196704513,624.230312450,66767.1,81074.3
1007,Spectrogram 1,1,625.434155408,625.464402552,53965.9,66265.1
1008,Spectrogram 1,1,627.120610977,627.153546756,43674.7,50953.8
1009,Spectrogram 1,1,627.540040487,627.563566043,47941.8,59236.9
1010,Spectrogram 1,1,628.398394092,628.415198060,44678.7,52961.8
1011,Spectrogram 1,1,628.609453052,628.663897911,44176.7,52710.8
1012,Spectrogram 1,1,628.625584862,628.647093942,29116.5,35893.6
1013,Spectrogram 1,1,629.127693677,629.176761265,41666.7,55722.9
1014,Spectrogram 1,1,630.222644252,630.247514126,30622.5,40662.7
1015,Spectrogram 1,1,630.542593807,630.558053458,49447.8,60241.0
1016,Spectrogram 1,1,630.824230327,630.862543376,44176.7,56977.9
1017,Spectrogram 1,1,631.130739616,631.175774252,42168.7,55471.9
1018,Spectrogram 1,1,632.157803397,632.200821557,42921.7,53714.9
1019,Spectrogram 1,1,632.183345430,632.202838033,60492.0,72289.2
1020,Spectrogram 1,1,633.605643782,633.627152862,42921.7,52208.8
1021,Spectrogram 1,1,633.609004575,633.659416482,62249.0,72038.2
1022,Spectrogram 1,1,635.117338231,635.136158676,43172.7,57730.9
1023,Spectrogram 1,1,635.126076294,635.142208104,61998.0,73293.2
1024,Spectrogram 1,1,635.405024402,635.456780626,46937.8,57479.9
1025,Spectrogram 1,1,635.644314922,635.677922859,42419.7,50953.8
1026,Spectrogram 1,1,635.663135367,635.685316605,59236.9,74548.2
1027,Spectrogram 1,1,635.915868831,635.943427340,47690.8,55973.9
1028,Spectrogram 1,1,636.540979891,636.586014527,44929.7,54718.9
1029,Spectrogram 1,1,636.570554876,636.586686686,61998.0,78815.3
1030,Spectrogram 1,1,637.038381485,637.064595677,47690.8,55973.9
1031,Spectrogram 1,1,639.394313426,639.443381015,42921.7,55722.9
1032,Spectrogram 1,1,641.292473518,641.330786566,45933.7,60492.0
1033,Spectrogram 1,1,643.166462840,643.202087254,64006.0,78564.3
1034,Spectrogram 1,1,643.368111230,643.411801548,46686.7,56977.9
1035,Spectrogram 1,1,645.317386369,645.342256243,62249.0,73544.2
1036,Spectrogram 1,1,645.579529618,645.635318794,48192.8,64006.0
1037,Spectrogram 1,1,647.807078473,647.843375045,53965.9,69528.1
1038,Spectrogram 1,1,648.209031617,648.233901491,43423.7,55220.9
1039,Spectrogram 1,1,648.226507745,648.254738412,61747.0,77058.2
1040,Spectrogram 1,1,648.537047077,648.586114666,44427.7,55722.9
1041,Spectrogram 1,1,648.914131469,648.947067247,46686.7,55973.9
1042,Spectrogram 1,1,649.314740192,649.336921431,44176.7,54467.9
1043,Spectrogram 1,1,649.910282628,649.945234883,43925.7,53463.9
1044,Spectrogram 1,1,649.935824660,649.965399645,57479.9,72791.2
1045,Spectrogram 1,1,650.131422857,650.186539874,42168.7,51455.8
1046,Spectrogram 1,1,652.008099395,652.039018698,50953.8,59739.0
1047,Spectrogram 1,1,652.386527444,652.428201286,51957.8,60743.0
1048,Spectrogram 1,1,652.414085953,652.430217763,65010.0,78313.3
1049,Spectrogram 1,1,653.039198475,653.063396190,49196.8,55722.9
1050,Spectrogram 1,1,653.047936538,653.088938222,65261.0,75301.2
1051,Spectrogram 1,1,656.705157566,656.752880837,46686.7,61747.0
1052,Spectrogram 1,1,656.742126297,656.754225155,68524.1,79568.3
1053,Spectrogram 1,1,658.354645895,658.410435071,46184.7,55722.9
1054,Spectrogram 1,1,658.737106436,658.772058691,44176.7,58483.9
1055,Spectrogram 1,1,659.530931019,659.559161687,46686.7,54718.9
1056,Spectrogram 1,1,659.842142399,659.887177035,47188.8,57479.9
1057,Spectrogram 1,1,660.387938971,660.457171322,41917.7,55722.9
1058,Spectrogram 1,1,661.154207391,661.183782376,45180.7,56224.9
1059,Spectrogram 1,1,661.168994884,661.201258504,62500.0,75803.2
1060,Spectrogram 1,1,661.387446477,661.421726574,45933.7,57228.9
1061,Spectrogram 1,1,664.653488707,664.697179026,43172.7,54969.9
1062,Spectrogram 1,1,666.700226079,666.729128905,46937.8,57228.9
1063,Spectrogram 1,1,672.006278096,672.057362161,42419.7,52208.8
1064,Spectrogram 1,1,672.028459335,672.050640574,60743.0,68775.1
1065,Spectrogram 1,1,674.623680904,674.673420652,44678.7,63253.0
1066,Spectrogram 1,1,700.867546805,700.901154743,50451.8,60492.0
1067,Spectrogram 1,1,701.859660343,701.913433043,49196.8,61998.0
1068,Spectrogram 1,1,705.021517194,705.053780814,51204.8,58483.9
1069,Spectrogram 1,1,705.037649004,705.055797290,67018.1,77811.2
1070,Spectrogram 1,1,706.238803780,706.263673654,48443.8,56475.9
1071,Spectrogram 1,1,706.408189344,706.432387059,50953.8,60994.0
1072,Spectrogram 1,1,706.605805234,706.631347266,50702.8,60994.0
1073,Spectrogram 1,1,708.221669080,708.264015081,36395.6,44678.7
1074,Spectrogram 1,1,708.852153987,708.870302273,65512.0,74799.2
1075,Spectrogram 1,1,709.978027777,709.996176063,49196.8,58985.9
1076,Spectrogram 1,1,732.072030874,732.093539954,50953.8,61747.0
1077,Spectrogram 1,1,733.819653378,733.849228363,52208.8,62500.0
1078,Spectrogram 1,1,733.935264683,733.965511827,55722.9,64759.0
1079,Spectrogram 1,1,734.055582547,734.079108103,51204.8,60241.0
1080,Spectrogram 1,1,734.069025722,734.084485373,72791.2,82078.3
1081,Spectrogram 1,1,739.652669153,739.695687312,57479.9,77560.2
1082,Spectrogram 1,1,740.271056977,740.295254692,46435.7,56224.9
1083,Spectrogram 1,1,740.531855670,740.570168719,50451.8,64257.0
1084,Spectrogram 1,1,740.554709068,740.579578942,71034.1,82580.3
1085,Spectrogram 1,1,742.884428398,742.917364177,46184.7,56977.9
1086,Spectrogram 1,1,744.140701186,744.164226742,47941.8,58734.9
1087,Spectrogram 1,1,744.153472202,744.195818204,69528.1,80823.3
1088,Spectrogram 1,1,750.057755943,750.087330928,44929.7,54969.9
1089,Spectrogram 1,1,753.571147153,753.619542583,45682.7,57479.9
1090,Spectrogram 1,1,753.692136389,753.735154549,45180.7,55973.9
1091,Spectrogram 1,1,754.012086180,754.045021959,42670.7,54718.9
1092,Spectrogram 1,1,754.028890149,754.049054912,62751.0,72289.2
1093,Spectrogram 1,1,754.358250038,754.391185816,44678.7,56475.9
1094,Spectrogram 1,1,754.609639414,754.636525764,47188.8,54216.9
1095,Spectrogram 1,1,754.626443383,754.666100749,63504.0,76807.2
1096,Spectrogram 1,1,755.883389450,755.910947959,65512.0,75552.2
1097,Spectrogram 1,1,758.834859744,758.865106888,54718.9,68775.1
1098,Spectrogram 1,1,759.430395945,759.451905025,51706.8,62500.0
1099,Spectrogram 1,1,760.991158992,761.023422612,55220.9,63504.0
1100,Spectrogram 1,1,760.893695973,760.914532894,78062.2,92369.5
1101,Spectrogram 1,1,761.268090052,761.302370149,53714.9,64257.0
1102,Spectrogram 1,1,764.093864063,764.138898699,51455.8,60492.0
1103,Spectrogram 1,1,782.993058323,783.026666260,50702.8,60994.0
1104,Spectrogram 1,1,783.015239562,783.040109435,67269.1,82580.3
1105,Spectrogram 1,1,917.354372403,917.394029769,53212.9,65512.0
1106,Spectrogram 1,1,917.404112150,917.447130310,52459.8,66014.1
1107,Spectrogram 1,1,940.723449534,940.754368837,53463.9,66014.1
1108,Spectrogram 1,1,942.388397967,942.421333746,53463.9,68775.1
1109,Spectrogram 1,1,943.687012348,943.717259492,50953.8,64759.0
1110,Spectrogram 1,1,949.714301682,949.739171555,46184.7,58734.9
1111,Spectrogram 1,1,949.843356162,949.901833973,49196.8,60492.0
1112,Spectrogram 1,1,953.695524362,953.726443665,61747.0,74799.2
1113,Spectrogram 1,1,964.589246929,964.610083851,50200.8,61496.0
1114,Spectrogram 1,1,30.785101645,30.797200503,39407.6,49447.8
1115,Spectrogram 1,1,212.859001652,212.914790828,54969.9,64759.0
1116,Spectrogram 1,1,212.871772668,212.916807304,68273.1,89608.4
