Selection	View	Channel	Begin Time (s)	End Time (s)	Low Freq (Hz)	High Freq (Hz)
1	Spectrogram 1	1	4.974632555	6.071806325	20000.0	24545.5
2	Spectrogram 1	1	6.207202240	7.316048092	20000.0	25000.0
3	Spectrogram 1	1	7.460781550	8.497260600	20909.1	25000.0
4	Spectrogram 1	1	8.641994155	9.701817348	20454.5	25000.0
5	Spectrogram 1	1	9.862891641	10.890032972	20909.1	25454.5
6	Spectrogram 1	1	11.023094253	12.045566849	20909.1	25454.5
7	Spectrogram 1	1	16.604674002	17.900272839	20000.0	26818.2
8	Spectrogram 1	1	18.049674718	19.172527043	20000.0	25000.0
9	Spectrogram 1	1	19.326598135	20.507810768	20454.5	25000.0
10	Spectrogram 1	1	20.654878744	20.899992038	21363.6	25000.0
11	Spectrogram 1	1	24.203185257	25.083258702	20000.0	25454.5
12	Spectrogram 1	1	25.424082811	26.542266312	20000.0	25000.0
13	Spectrogram 1	1	26.682330961	27.781839163	20909.1	25454.5
14	Spectrogram 1	1	27.935910357	28.666581413	21363.6	25454.5
15	Spectrogram 1	1	35.560100324	36.734309602	19545.5	25909.1
16	Spectrogram 1	1	36.855698411	37.817476287	20909.1	24545.5
17	Spectrogram 1	1	37.915521555	38.818939122	20909.1	24090.9
18	Spectrogram 1	1	43.352367588	44.540583439	20000.0	26818.2
19	Spectrogram 1	1	44.647966335	45.446335348	20454.5	24545.5
20	Spectrogram 1	1	45.553718295	46.695245801	20000.0	24090.9
21	Spectrogram 1	1	46.814300829	48.002516590	20454.5	25000.0
22	Spectrogram 1	1	55.533330506	56.695867841	20000.0	26363.6
24	Spectrogram 1	1	56.824260302	57.921434032	20000.0	24545.5
25	Spectrogram 1	1	58.073170813	59.226370499	20909.1	24545.5
26	Spectrogram 1	1	59.396782504	60.575660725	20909.1	25454.5
27	Spectrogram 1	1	62.704644569	63.967561406	19545.5	26363.6
28	Spectrogram 1	1	64.088949155	65.221139130	20454.5	25000.0
29	Spectrogram 1	1	68.330576256	69.551473358	20000.0	25909.1
30	Spectrogram 1	1	69.693872159	70.856409494	20454.5	25000.0
31	Spectrogram 1	1	70.996474182	71.969924120	21363.6	25909.1
32	Spectrogram 1	1	80.035318312	81.218865298	19545.5	24545.5
33	Spectrogram 1	1	81.380840395	82.542044372	20454.5	25000.0
34	Spectrogram 1	1	85.767611382	86.984110745	19545.5	26818.2
35	Spectrogram 1	1	87.207232575	88.441193631	20454.5	25000.0
36	Spectrogram 1	1	88.592529248	89.824550117	21363.6	25000.0
37	Spectrogram 1	1	94.259825761	94.721591069	21818.2	27272.7
38	Spectrogram 1	1	95.849811642	97.138098049	20909.1	24545.5
39	Spectrogram 1	1	101.531659869	102.742338661	20454.5	25000.0
40	Spectrogram 1	1	106.608167850	107.397825331	23636.4	27272.7
41	Spectrogram 1	1	110.754355169	112.034880749	20909.1	27727.3
42	Spectrogram 1	1	112.192036170	113.306675538	20454.5	24545.5
43	Spectrogram 1	1	113.430847701	114.562948783	20909.1	25000.0
44	Spectrogram 1	1	119.448348297	120.698800991	20454.5	26818.2
45	Spectrogram 1	1	120.840434741	121.919180588	20454.5	25000.0
46	Spectrogram 1	1	138.534969814	139.600134328	20909.1	25000.0
47	Spectrogram 1	1	143.753111593	144.055781291	22272.7	27727.3
48	Spectrogram 1	1	145.365409617	146.365577753	20454.5	24545.5
49	Spectrogram 1	1	146.866146735	147.867284967	21363.6	25454.5
50	Spectrogram 1	1	151.422684469	152.478148031	20909.1	25454.5
51	Spectrogram 1	1	152.818652008	154.131190794	20909.1	25454.5
52	Spectrogram 1	1	161.584432938	162.364389467	20909.1	25000.0
53	Spectrogram 1	1	168.518673206	169.344224209	20909.1	24090.9
54	Spectrogram 1	1	169.474217094	170.632510746	20909.1	25000.0
55	Spectrogram 1	1	171.407617474	173.440936983	20909.1	33181.8
56	Spectrogram 1	1	180.406221684	181.355944871	20454.5	24545.5
57	Spectrogram 1	1	188.044752230	188.671433720	20454.5	25000.0
58	Spectrogram 1	1	195.129357979	196.304143249	20909.1	25000.0
59	Spectrogram 1	1	202.800870496	204.249222608	20909.1	28181.8
60	Spectrogram 1	1	204.365634005	205.359981571	21363.6	24090.9
61	Spectrogram 1	1	240.221321693	241.228280496	22727.3	27727.3
62	Spectrogram 1	1	247.152651676	247.660011458	22272.7	25454.5
63	Spectrogram 1	1	250.254045517	251.041762808	23636.4	31363.6
64	Spectrogram 1	1	251.283316492	251.986635502	22727.3	27727.3
65	Spectrogram 1	1	264.380571076	265.255596933	22727.3	27727.3
66	Spectrogram 1	1	269.668558918	270.404861164	23181.8	29545.5
67	Spectrogram 1	1	272.499296246	274.480229705	20909.1	31363.6
68	Spectrogram 1	1	277.259551008	278.218975147	22272.7	29545.5
69	Spectrogram 1	1	278.504182974	279.370477975	20909.1	26818.2
70	Spectrogram 1	1	283.763068031	284.718611789	23181.8	27727.3
71	Spectrogram 1	1	284.950464522	285.659604102	22727.3	26818.2
72	Spectrogram 1	1	287.945147936	288.457358194	23636.4	27272.7
73	Spectrogram 1	1	290.854463207	291.828438734	23181.8	28636.4
74	Spectrogram 1	1	296.453852354	297.701394904	20909.1	27727.3
75	Spectrogram 1	1	297.839148264	298.960578298	20454.5	25454.5
76	Spectrogram 1	1	305.150234975	305.969965407	23181.8	29090.9
77	Spectrogram 1	1	306.048543098	306.699476967	22727.3	26363.6
78	Spectrogram 1	1	309.604911583	310.555604865	23636.4	28181.8
79	Spectrogram 1	1	311.445181975	311.978734328	24090.9	28636.4
80	Spectrogram 1	1	315.934781004	316.922337903	24545.5	28636.4
81	Spectrogram 1	1	317.017407074	317.434548004	23636.4	26818.2
82	Spectrogram 1	1	317.495664000	317.904074074	23636.4	28181.8
83	Spectrogram 1	1	317.995262916	318.016605011	38636.4	45000.0
84	Spectrogram 1	1	318.035036819	318.560828410	23636.4	26818.2
85	Spectrogram 1	1	326.241071140	327.289744036	23636.4	29090.9
86	Spectrogram 1	1	331.114828988	331.976273513	23636.4	30000.0
87	Spectrogram 1	1	333.074421088	333.904822567	21363.6	28181.8
88	Spectrogram 1	1	335.162065848	336.049701976	22727.3	27272.7
89	Spectrogram 1	1	336.974202514	336.987783846	49545.5	54090.9
90	Spectrogram 1	1	336.981963275	338.879469458	20454.5	32727.3
91	Spectrogram 1	1	340.860401269	341.865419881	21818.2	28181.8
92	Spectrogram 1	1	344.064625413	344.081117031	43636.4	49545.5
93	Spectrogram 1	1	344.084997411	344.939651113	22272.7	30000.0
94	Spectrogram 1	1	345.878703095	345.894224618	41363.6	47272.7
95	Spectrogram 1	1	345.897134904	346.593663247	23181.8	29090.9
96	Spectrogram 1	1	349.776545314	350.660302028	24090.9	27727.3
97	Spectrogram 1	1	354.507699029	355.280864892	23181.8	29090.9
98	Spectrogram 1	1	355.350711728	355.776583515	22727.3	27272.7
99	Spectrogram 1	1	356.789362731	356.810704825	40454.5	47272.7
100	Spectrogram 1	1	356.818465587	357.377240397	23181.8	27727.3
101	Spectrogram 1	1	358.409421517	358.441434658	48181.8	58636.4
102	Spectrogram 1	1	358.441434658	358.940063584	23181.8	33181.8
103	Spectrogram 1	1	359.322281070	359.388247542	46363.6	55454.5
104	Spectrogram 1	1	366.529117367	367.368249703	24090.9	31818.2
105	Spectrogram 1	1	374.146304068	375.181395631	22272.7	28181.8
106	Spectrogram 1	1	378.421513274	378.883278583	22727.3	27272.7
107	Spectrogram 1	1	379.119011696	380.199697733	20454.5	25909.1
108	Spectrogram 1	1	406.037209627	407.148938710	20454.5	25454.5
109	Spectrogram 1	1	411.643389322	412.791982022	20000.0	26818.2
110	Spectrogram 1	1	412.899662334	413.878488376	20909.1	24545.5
111	Spectrogram 1	1	414.153025217	415.071705358	20454.5	25454.5
112	Spectrogram 1	1	421.651860651	422.351299280	24545.5	28636.4
113	Spectrogram 1	1	422.419205926	422.969249896	23636.4	26363.6
114	Spectrogram 1	1	425.171365355	425.878564745	24545.5	28181.8
115	Spectrogram 1	1	425.935800361	426.366522492	24090.9	29090.9
116	Spectrogram 1	1	434.128253656	435.090588081	23636.4	28636.4
117	Spectrogram 1	1	435.191477953	435.813308967	22727.3	26363.6
118	Spectrogram 1	1	436.322608923	436.343951017	42727.3	52727.3
119	Spectrogram 1	1	436.355592159	436.740719948	24090.9	28181.8
120	Spectrogram 1	1	439.222223101	439.939123443	24545.5	29545.5
121	Spectrogram 1	1	440.428051275	440.971304579	23636.4	27272.7
122	Spectrogram 1	1	441.983113606	442.006395890	51363.6	60000.0
123	Spectrogram 1	1	442.000575319	443.802042079	22727.3	34090.9
124	Spectrogram 1	1	453.662087226	454.740833072	21818.2	28636.4
125	Spectrogram 1	1	454.826201449	455.661453403	21363.6	25454.5
126	Spectrogram 1	1	459.172225902	460.031730236	23636.4	29090.9
127	Spectrogram 1	1	463.526983522	464.353504621	23181.8	29090.9
128	Spectrogram 1	1	464.430141990	465.125700238	21363.6	25454.5
129	Spectrogram 1	1	465.199426940	465.818347669	22272.7	26363.6
130	Spectrogram 1	1	471.766971088	472.540136951	24090.9	29090.9
131	Spectrogram 1	1	472.605133328	472.920414264	22727.3	26363.6
132	Spectrogram 1	1	472.996081618	473.452996450	22272.7	26363.6
133	Spectrogram 1	1	479.229913041	480.236871844	21363.6	28181.8
134	Spectrogram 1	1	480.344552324	481.186594945	21363.6	25454.5
135	Spectrogram 1	1	481.313677307	482.095574026	21818.2	25909.1
136	Spectrogram 1	1	487.605714562	488.574839652	21818.2	28636.4
137	Spectrogram 1	1	488.694161343	489.550755392	22272.7	25909.1
138	Spectrogram 1	1	489.777757648	490.640172268	21818.2	26363.6
139	Spectrogram 1	1	496.460742994	497.528817793	21363.6	27727.3
140	Spectrogram 1	1	497.640378679	498.369890259	20454.5	25454.5
141	Spectrogram 1	1	498.604653277	499.143056105	21363.6	25909.1
142	Spectrogram 1	1	502.431678576	503.252379103	22272.7	28636.4
143	Spectrogram 1	1	504.963626715	505.000490332	44545.5	50909.1
144	Spectrogram 1	1	504.995639699	505.658214711	23636.4	30909.1
145	Spectrogram 1	1	505.714480232	505.741642897	43181.8	46363.6
146	Spectrogram 1	1	505.725151279	506.201468015	22727.3	29545.5
147	Spectrogram 1	1	506.293627010	506.670023942	23181.8	28181.8
148	Spectrogram 1	1	507.295735179	507.335509082	41818.2	48181.8
149	Spectrogram 1	1	507.341329653	507.911745622	23636.4	29090.9
150	Spectrogram 1	1	511.222680283	511.859062725	24090.9	28181.8
151	Spectrogram 1	1	514.780019072	514.803301357	42272.7	48636.4
152	Spectrogram 1	1	514.809121928	515.740413306	24090.9	30000.0
153	Spectrogram 1	1	516.342842381	516.387466760	44090.9	50000.0
154	Spectrogram 1	1	516.378735903	516.976314538	23636.4	30000.0
155	Spectrogram 1	1	522.673683270	522.699875840	43181.8	50909.1
156	Spectrogram 1	1	522.740619837	523.672881311	23181.8	30454.5
157	Spectrogram 1	1	530.796289702	530.818601892	50909.1	57272.7
158	Spectrogram 1	1	530.820542082	531.667435179	23181.8	34545.5
159	Spectrogram 1	1	536.506269308	536.520820735	41818.2	46818.2
160	Spectrogram 1	1	536.524701116	537.466663541	22272.7	29545.5
161	Spectrogram 1	1	537.563672904	538.269902199	20454.5	25909.1
162	Spectrogram 1	1	714.087060730	715.098870009	21363.6	28181.8
163	Spectrogram 1	1	715.280277651	716.476404871	19545.5	24545.5
165	Spectrogram 1	1	716.715048286	717.716186518	21363.6	24090.9
166	Spectrogram 1	1	717.801554867	717.832597913	39090.9	43636.4
167	Spectrogram 1	1	723.150658941	724.191571075	21363.6	27272.7
168	Spectrogram 1	1	728.279550187	729.176888234	22272.7	30000.0
169	Spectrogram 1	1	740.797655182	741.747378369	21363.6	27272.7
170	Spectrogram 1	1	741.826926016	742.390551319	20909.1	24545.5
171	Spectrogram 1	1	751.075812645	752.006133928	21363.6	28181.8
172	Spectrogram 1	1	752.302012803	752.800641728	21818.2	26363.6
173	Spectrogram 1	1	761.119205504	761.984530410	22272.7	27727.3
174	Spectrogram 1	1	768.330891642	769.062343412	23181.8	27727.3
175	Spectrogram 1	1	769.432919756	770.040199342	22727.3	28181.8
176	Spectrogram 1	1	784.578044962	785.219277879	24090.9	28181.8
177	Spectrogram 1	1	940.289989451	940.315211926	44090.9	50000.0
178	Spectrogram 1	1	940.272527738	940.291929642	57272.7	67272.7
179	Spectrogram 1	1	961.352693908	961.383736954	62727.3	72272.7
180	Spectrogram 1	1	1339.715035778	1339.758690061	58181.8	67272.7
181	Spectrogram 1	1	1376.244936901	1376.254637853	77727.3	85000.0
182	Spectrogram 1	1	1376.353587562	1376.386570798	52727.3	63636.4
183	Spectrogram 1	1	1416.963709109	1417.021914820	53181.8	68636.4
184	Spectrogram 1	1	1441.245189341	1441.280112767	58636.4	63636.4
185	Spectrogram 1	1	1447.312164249	1447.333506344	60909.1	76363.6
186	Spectrogram 1	1	1474.507810789	1474.534973454	43636.4	50454.5
187	Spectrogram 1	1	1495.310530156	1495.345453583	57272.7	68181.8
188	Spectrogram 1	1	1497.649429615	1497.655250186	59545.5	67727.3
189	Spectrogram 1	1	1497.614506188	1497.645549234	55000.0	64090.9
190	Spectrogram 1	1	1497.643609044	1497.653309996	44545.5	50454.5
191	Spectrogram 1	1	1509.754306361	1509.836764452	53181.8	58181.8
192	Spectrogram 1	1	1514.401061794	1514.451506744	53636.4	65000.0
193	Spectrogram 1	1	1524.117534022	1524.132085450	56363.6	62727.3
194	Spectrogram 1	1	1524.131115355	1524.154397639	44545.5	47727.3
195	Spectrogram 1	1	1524.696677461	1524.784956123	50000.0	56363.6
196	Spectrogram 1	1	1537.822063823	1537.877359249	50909.1	62727.3
197	Spectrogram 1	1	1555.690245603	1555.719348458	56363.6	66818.2
198	Spectrogram 1	1	1557.204564013	1557.213294870	66818.2	82272.7
199	Spectrogram 1	1	1557.190012586	1557.210384584	47272.7	61363.6
200	Spectrogram 1	1	1557.431566287	1557.476190665	47727.3	55000.0
201	Spectrogram 1	1	1559.485257340	1559.520180767	55000.0	63636.4
202	Spectrogram 1	1	1561.964820303	1562.023026014	55000.0	62727.3
203	Spectrogram 1	1	1591.813676142	1591.858300521	50909.1	61363.6
204	Spectrogram 1	1	1592.069781271	1592.117315936	50909.1	67272.7
205	Spectrogram 1	1	1605.314489481	1605.348442813	54090.9	66818.2
207	Spectrogram 1	1	1624.656245253	1624.730942582	45454.5	58636.4
208	Spectrogram 1	1	1624.836197910	1624.848809147	73636.4	84545.5
209	Spectrogram 1	1	1624.819706292	1624.842018481	51818.2	65909.1
210	Spectrogram 1	1	1625.013725329	1625.069020755	58181.8	79090.9
211	Spectrogram 1	1	1625.042828185	1625.048648756	43181.8	55909.1
212	Spectrogram 1	1	1625.316394992	1625.325125849	74090.9	89090.9
213	Spectrogram 1	1	1625.261099567	1625.319305278	52272.7	68181.8
214	Spectrogram 1	1	1625.776220110	1625.815994013	50909.1	61363.6
215	Spectrogram 1	1	1626.156497423	1626.179779708	50909.1	62727.3
216	Spectrogram 1	1	1626.598860811	1626.662887093	55909.1	67272.7
217	Spectrogram 1	1	1631.450306328	1631.514332611	52727.3	58636.4
218	Spectrogram 1	1	1632.520321301	1632.553304538	47727.3	58636.4
219	Spectrogram 1	1	1632.551364347	1632.558155014	66363.6	75909.1
220	Spectrogram 1	1	1632.270036743	1632.276827410	73181.8	89545.5
221	Spectrogram 1	1	1632.965594974	1633.037382018	52727.3	62272.7
222	Spectrogram 1	1	1632.853063933	1632.860824694	66363.6	82272.7
223	Spectrogram 1	1	1633.387586380	1633.439001425	55454.5	61818.2
224	Spectrogram 1	1	1632.863734980	1632.871495741	75909.1	86363.6
225	Spectrogram 1	1	1635.831255962	1635.890431768	57272.7	62727.3
226	Spectrogram 1	1	1641.163868815	1641.256027857	54090.9	60454.5
227	Spectrogram 1	1	1644.529128823	1644.592185010	52727.3	61363.6
228	Spectrogram 1	1	1645.057830541	1645.107305396	51818.2	65454.5
229	Spectrogram 1	1	1645.229537389	1645.303264623	50454.5	58181.8
230	Spectrogram 1	1	1647.294870006	1647.345314955	54545.5	68181.8
231	Spectrogram 1	1	1649.224389015	1649.285505012	70454.5	86363.6
232	Spectrogram 1	1	1648.802397610	1648.854782750	66363.6	85909.1
233	Spectrogram 1	1	1649.364082722	1649.445570718	49090.9	55909.1
234	Spectrogram 1	1	1649.061413024	1649.110887879	50000.0	55909.1
235	Spectrogram 1	1	1651.494411559	1651.544856508	55454.5	66818.2
236	Spectrogram 1	1	1651.796111161	1651.845586016	54545.5	61818.2
237	Spectrogram 1	1	1654.447380972	1654.501706303	55454.5	60454.5
238	Spectrogram 1	1	1658.675055583	1658.717739771	56818.2	64545.5
239	Spectrogram 1	1	1659.060183355	1659.131970398	47727.3	55909.1
240	Spectrogram 1	1	1658.822510034	1658.831240891	72727.3	86363.6
241	Spectrogram 1	1	1659.483144856	1659.559782375	51363.6	62727.3
242	Spectrogram 1	1	1662.651475541	1662.715501823	56363.6	65909.1
243	Spectrogram 1	1	1664.137661191	1664.154152809	72272.7	85454.5
244	Spectrogram 1	1	1664.780834282	1664.843890469	56363.6	63181.8
245	Spectrogram 1	1	1670.884672808	1670.966160803	54090.9	60454.5
246	Spectrogram 1	1	1672.107962522	1672.157437377	65909.1	89090.9
247	Spectrogram 1	1	1672.359217175	1672.371828413	63636.4	79545.5
248	Spectrogram 1	1	1672.329144225	1672.367948032	40454.5	53636.4
249	Spectrogram 1	1	1672.623083066	1672.702630871	50454.5	60000.0
250	Spectrogram 1	1	1673.519451001	1673.566015569	54545.5	70909.1
251	Spectrogram 1	1	1673.673696135	1673.737722417	50000.0	58636.4
252	Spectrogram 1	1	1674.083076146	1674.136431381	56363.6	72272.7
253	Spectrogram 1	1	1676.962318045	1677.023434042	51363.6	59545.5
254	Spectrogram 1	1	1677.106862228	1677.151486606	53636.4	58636.4
255	Spectrogram 1	1	1677.396920688	1677.473558208	52727.3	59090.9
256	Spectrogram 1	1	1678.651253589	1678.703638729	55454.5	62727.3
257	Spectrogram 1	1	1679.129510516	1679.151822705	53181.8	57727.3
258	Spectrogram 1	1	1680.002596166	1680.049160735	53636.4	59545.5
259	Spectrogram 1	1	1680.306235959	1680.342129481	58636.4	70909.1
260	Spectrogram 1	1	1680.716586205	1680.771881631	55454.5	64090.9
261	Spectrogram 1	1	1681.413114532	1681.463559481	54090.9	61818.2
262	Spectrogram 1	1	1684.031401123	1684.039161885	70000.0	82727.3
263	Spectrogram 1	1	1684.164304164	1684.231240732	53636.4	64545.5
264	Spectrogram 1	1	1684.738600497	1684.809417445	55454.5	64090.9
265	Spectrogram 1	1	1685.751379713	1685.801824663	52272.7	57272.7
266	Spectrogram 1	1	1686.583721225	1686.609913795	54545.5	62272.7
267	Spectrogram 1	1	1690.732818103	1690.782292957	55909.1	60454.5
268	Spectrogram 1	1	1690.876392173	1690.889003411	70000.0	86818.2
269	Spectrogram 1	1	1690.993773691	1691.056829878	52272.7	65000.0
270	Spectrogram 1	1	1690.855050079	1690.871541697	55000.0	62272.7
271	Spectrogram 1	1	1691.164510443	1691.269280723	54090.9	60454.5
272	Spectrogram 1	1	1691.881410628	1691.915363960	68181.8	85909.1
273	Spectrogram 1	1	1691.800892728	1691.840666630	54545.5	62727.3
274	Spectrogram 1	1	1692.936874173	1692.991199504	52727.3	60454.5
275	Spectrogram 1	1	1693.595568787	1693.639223071	53181.8	63636.4
276	Spectrogram 1	1	1693.852644012	1693.861374868	72727.3	90000.0
277	Spectrogram 1	1	1693.841002869	1693.853614107	54545.5	62272.7
278	Spectrogram 1	1	1694.099048189	1694.145612758	54090.9	69545.5
279	Spectrogram 1	1	1694.498727405	1694.506488167	69090.9	85909.1
280	Spectrogram 1	1	1694.621929337	1694.656852763	54090.9	60454.5
281	Spectrogram 1	1	1694.886765322	1694.940120557	53181.8	59545.5
282	Spectrogram 1	1	1694.764533329	1694.789755804	55454.5	60909.1
283	Spectrogram 1	1	1695.660901263	1695.703585452	51363.6	61818.2
284	Spectrogram 1	1	1695.305846402	1695.359201637	51363.6	55909.1
285	Spectrogram 1	1	1696.442797943	1696.497123273	53636.4	59545.5
286	Spectrogram 1	1	1697.133505715	1697.222754472	55000.0	69090.9
287	Spectrogram 1	1	1697.490500586	1697.677728957	49545.5	59090.9
288	Spectrogram 1	1	1698.475147182	1698.547904321	70909.1	95454.5
289	Spectrogram 1	1	1699.130931528	1699.232791522	68636.4	90000.0
290	Spectrogram 1	1	1699.310399120	1699.391887116	52272.7	57272.7
291	Spectrogram 1	1	1699.477255492	1699.497627491	54545.5	66818.2
292	Spectrogram 1	1	1699.527700442	1699.535461203	69090.9	86363.6
293	Spectrogram 1	1	1699.959392799	1700.036030319	65909.1	89090.9
294	Spectrogram 1	1	1699.916708611	1699.925439468	65000.0	77727.3
295	Spectrogram 1	1	1700.104907077	1700.149531456	53181.8	59090.9
296	Spectrogram 1	1	1700.698605174	1700.750990314	56818.2	62272.7
297	Spectrogram 1	1	1702.125615017	1702.218744155	62727.3	75909.1
298	Spectrogram 1	1	1703.022952907	1703.046235191	64545.5	75909.1
299	Spectrogram 1	1	1703.133543758	1703.188839184	48636.4	59090.9
300	Spectrogram 1	1	1703.994988266	1704.036702359	55454.5	61818.2
301	Spectrogram 1	1	1704.359744056	1704.402428244	54090.9	63181.8
302	Spectrogram 1	1	1704.499437762	1704.540181760	50909.1	59545.5
303	Spectrogram 1	1	1704.803077539	1704.845761727	56363.6	66818.2
304	Spectrogram 1	1	1705.040750859	1705.072764000	73181.8	88181.8
305	Spectrogram 1	1	1710.814756741	1710.855500739	55000.0	61363.6
306	Spectrogram 1	1	1711.203764911	1711.286223001	49090.9	60909.1
307	Spectrogram 1	1	1711.509344737	1711.548148544	55454.5	65454.5
308	Spectrogram 1	1	1712.028345661	1712.056478422	53181.8	60454.5
309	Spectrogram 1	1	1712.170949653	1712.239826412	51818.2	69090.9
310	Spectrogram 1	1	1712.713232705	1712.753006608	53181.8	70000.0
311	Spectrogram 1	1	1713.093510018	1713.120672683	55909.1	62727.3
312	Spectrogram 1	1	1713.962715287	1714.002489190	57272.7	63181.8
313	Spectrogram 1	1	1715.919397102	1716.013496335	55454.5	65000.0
314	Spectrogram 1	1	1716.241468687	1716.328777254	52727.3	56363.6
315	Spectrogram 1	1	1716.796363133	1716.835166941	54545.5	66818.2
316	Spectrogram 1	1	1716.947697825	1716.956428682	73181.8	86363.6
317	Spectrogram 1	1	1717.541396079	1717.604452266	54545.5	64545.5
318	Spectrogram 1	1	1718.073978178	1718.081738940	73636.4	85909.1
319	Spectrogram 1	1	1718.327173022	1718.368887115	51363.6	65454.5
320	Spectrogram 1	1	1718.588128627	1718.643424052	54545.5	60454.5
321	Spectrogram 1	1	1718.730732619	1718.769536426	54090.9	59545.5
322	Spectrogram 1	1	1719.498077894	1719.533001320	55000.0	72727.3
323	Spectrogram 1	1	1719.742541881	1719.829850447	49545.5	60000.0
324	Spectrogram 1	1	1720.056852563	1720.083045133	49545.5	58181.8
325	Spectrogram 1	1	1720.180054652	1720.198486461	50454.5	57272.7
326	Spectrogram 1	1	1720.199456556	1720.213037888	68181.8	80909.1
327	Spectrogram 1	1	1720.707786433	1720.726218242	67272.7	78181.8
328	Spectrogram 1	1	1720.688384529	1720.711666814	46818.2	60909.1
329	Spectrogram 1	1	1722.231805795	1722.287101221	50454.5	56818.2
330	Spectrogram 1	1	1722.505372638	1722.586860633	51818.2	60909.1
331	Spectrogram 1	1	1722.674169183	1722.696481372	49545.5	63636.4
332	Spectrogram 1	1	1722.849756412	1722.895350885	52727.3	64090.9
333	Spectrogram 1	1	1723.119442873	1723.174738299	53181.8	61363.6
334	Spectrogram 1	1	1723.407561143	1723.439574285	54090.9	74545.5
335	Spectrogram 1	1	1723.555985707	1723.586058658	48181.8	61363.6
336	Spectrogram 1	1	1723.793658870	1723.809180393	51363.6	65454.5
337	Spectrogram 1	1	1723.808210298	1723.837313153	66818.2	89545.5
338	Spectrogram 1	1	1724.270945701	1724.296168176	65454.5	86818.2
339	Spectrogram 1	1	1724.301018652	1724.306839223	58636.4	82272.7
340	Spectrogram 1	1	1724.258334464	1724.281616748	49545.5	61363.6
341	Spectrogram 1	1	1724.395117885	1724.439742264	50000.0	61363.6
342	Spectrogram 1	1	1724.536751765	1724.544512527	69545.5	80454.5
343	Spectrogram 1	1	1724.527050813	1724.542572336	50454.5	62727.3
344	Spectrogram 1	1	1724.658983759	1724.674505282	58181.8	68636.4
345	Spectrogram 1	1	1724.670624901	1724.685176329	68181.8	87727.3
346	Spectrogram 1	1	1724.910238412	1724.919939364	70909.1	87272.7
347	Spectrogram 1	1	1724.887926223	1724.914118793	50000.0	62727.3
348	Spectrogram 1	1	1725.137240685	1725.192536111	50909.1	61363.6
349	Spectrogram 1	1	1725.275964297	1725.370063530	50000.0	59545.5
350	Spectrogram 1	1	1725.589305025	1725.638779879	54090.9	60454.5
351	Spectrogram 1	1	1725.881303676	1725.923987864	50000.0	57727.3
352	Spectrogram 1	1	1726.035548810	1726.098604997	53636.4	56363.6
353	Spectrogram 1	1	1726.551639292	1726.569101005	71363.6	84090.9
354	Spectrogram 1	1	1727.757467590	1727.793361112	56818.2	71363.6
355	Spectrogram 1	1	1727.414053895	1727.454797892	64545.5	97272.7
356	Spectrogram 1	1	1728.428773442	1728.436534203	71363.6	86363.6
357	Spectrogram 1	1	1728.408401443	1728.431683727	55000.0	65454.5
358	Spectrogram 1	1	1732.159759177	1732.206323746	56818.2	62727.3
359	Spectrogram 1	1	1732.016185090	1732.049168326	50454.5	64090.9
360	Spectrogram 1	1	1733.577068227	1733.618782320	56818.2	63181.8
361	Spectrogram 1	1	1733.832203261	1733.866156592	55000.0	67727.3
362	Spectrogram 1	1	1734.079577516	1734.098979420	51818.2	64545.5
363	Spectrogram 1	1	1734.621860725	1734.641262628	62272.7	72272.7
364	Spectrogram 1	1	1738.688499237	1738.761256376	55000.0	62727.3
365	Spectrogram 1	1	1741.536698371	1741.554160084	68181.8	82727.3
366	Spectrogram 1	1	1741.475582374	1741.541548847	51818.2	63181.8
367	Spectrogram 1	1	1741.312606383	1741.332008287	52272.7	60454.5
368	Spectrogram 1	1	1741.332978382	1741.340739143	70000.0	85454.5
369	Spectrogram 1	1	1741.784072643	1741.841308259	54090.9	60909.1
370	Spectrogram 1	1	1741.971301014	1741.999433774	80000.0	88636.4
371	Spectrogram 1	1	1742.103233959	1742.166290146	50909.1	57272.7
372	Spectrogram 1	1	1744.250054274	1744.312140365	58181.8	63181.8
373	Spectrogram 1	1	1744.535262258	1744.591527779	53181.8	60454.5
374	Spectrogram 1	1	1750.006598583	1750.018239725	71818.2	85000.0
375	Spectrogram 1	1	1749.989136869	1750.009508868	48636.4	65000.0
376	Spectrogram 1	1	1750.719618544	1750.794315873	52727.3	64090.9
377	Spectrogram 1	1	1750.267554188	1750.327700089	49090.9	57727.3
378	Spectrogram 1	1	1750.594476265	1750.635220263	66363.6	90454.5
379	Spectrogram 1	1	1750.548881791	1750.575074361	50909.1	61363.6
380	Spectrogram 1	1	1750.889385185	1750.895205756	68181.8	80909.1
381	Spectrogram 1	1	1750.876773947	1750.891325375	50909.1	63181.8
382	Spectrogram 1	1	1751.003856416	1751.027138701	50454.5	56818.2
383	Spectrogram 1	1	1751.124148219	1751.157131456	50454.5	61363.6
384	Spectrogram 1	1	1751.273542878	1751.301675638	49545.5	55909.1
385	Spectrogram 1	1	1751.427788013	1751.446219821	65000.0	81363.6
386	Spectrogram 1	1	1751.461741344	1751.469502106	64090.9	82727.3
387	Spectrogram 1	1	1751.663521143	1751.710085712	52727.3	60909.1
388	Spectrogram 1	1	1752.542427364	1752.585111552	53636.4	74090.9
389	Spectrogram 1	1	1752.601603170	1752.642347168	59545.5	107727.3
390	Spectrogram 1	1	1752.163120146	1752.213565096	63636.4	85454.5
391	Spectrogram 1	1	1752.722864911	1752.790771574	50454.5	58636.4
392	Spectrogram 1	1	1752.939196138	1752.946956899	63636.4	81363.6
393	Spectrogram 1	1	1752.878080141	1752.912033472	45909.1	54545.5
394	Spectrogram 1	1	1753.037175751	1753.095381462	51818.2	61818.2
395	Spectrogram 1	1	1753.176869458	1753.205972314	50909.1	61818.2
396	Spectrogram 1	1	1753.656096463	1753.697810556	58181.8	62727.3
397	Spectrogram 1	1	1754.337103283	1754.378817376	59090.9	74545.5
398	Spectrogram 1	1	1758.916922289	1758.935354098	63636.4	76818.2
399	Spectrogram 1	1	1758.903340957	1758.937294288	47272.7	51363.6
400	Spectrogram 1	1	1760.460343555	1760.531160504	51363.6	61363.6
401	Spectrogram 1	1	1760.742641254	1760.817338584	54545.5	60454.5
402	Spectrogram 1	1	1763.731504173	1763.759636933	57727.3	64090.9
403	Spectrogram 1	1	1764.252445287	1764.302890237	56818.2	61818.2
404	Spectrogram 1	1	1767.525546095	1767.579871426	54090.9	59090.9
405	Spectrogram 1	1	1768.364678431	1768.495641281	55000.0	61818.2
406	Spectrogram 1	1	1768.582949831	1768.588770402	71363.6	84545.5
407	Spectrogram 1	1	1768.571308689	1768.584890021	55000.0	66818.2
408	Spectrogram 1	1	1768.655706970	1768.663467731	74090.9	89545.5
409	Spectrogram 1	1	1776.836518833	1776.892784354	57272.7	62272.7
410	Spectrogram 1	1	1777.741617624	1777.843477619	71363.6	104090.9
411	Spectrogram 1	1	1777.669830581	1777.691172675	59545.5	72727.3
412	Spectrogram 1	1	1778.894090531	1778.952296242	55454.5	62727.3
413	Spectrogram 1	1	1779.823441702	1779.902019412	56363.6	67727.3
414	Spectrogram 1	1	1780.116410448	1780.169765683	54090.9	63181.8
415	Spectrogram 1	1	1786.214428385	1786.291065905	57727.3	64545.5
416	Spectrogram 1	1	1787.434807971	1787.457120161	64090.9	75000.0
417	Spectrogram 1	1	1788.582430419	1788.644516511	55454.5	60909.1
418	Spectrogram 1	1	1792.524897045	1792.566611138	57727.3	63181.8
419	Spectrogram 1	1	1792.655859895	1792.674291704	57727.3	68636.4
420	Spectrogram 1	1	1792.797493792	1792.848908837	51363.6	57727.3
421	Spectrogram 1	1	1793.464919123	1793.514393977	55909.1	61818.2
422	Spectrogram 1	1	1794.037275125	1794.055706934	54545.5	66363.6
423	Spectrogram 1	1	1798.261069495	1798.325095778	52272.7	60909.1
425	Spectrogram 1	1	1803.394541612	1803.452450978	53448.3	63793.1
426	Spectrogram 1	1	1804.483237696	1804.491660876	70258.6	83189.7
427	Spectrogram 1	1	1804.475867413	1804.487449286	50431.0	63362.1
428	Spectrogram 1	1	1805.320291122	1805.359248332	56465.5	65948.3
429	Spectrogram 1	1	1806.184719885	1806.199460451	51724.1	61637.9
430	Spectrogram 1	1	1806.325808158	1806.372135651	50431.0	60775.9
431	Spectrogram 1	1	1806.486901485	1806.493218870	71120.7	86637.9
432	Spectrogram 1	1	1806.470055124	1806.490060177	53879.3	65948.3
433	Spectrogram 1	1	1806.617460782	1806.662735377	54310.3	61206.9
434	Spectrogram 1	1	1807.187078368	1807.275521763	51293.1	65086.2
435	Spectrogram 1	1	1808.082041301	1808.118892715	55172.4	69396.6
436	Spectrogram 1	1	1809.372893575	1809.415009478	52155.2	59913.8
436	Spectrogram 1	1	1811.171242480	1811.208093895	55603.4	60775.9
437	Spectrogram 1	1	1811.422884997	1811.466053797	53448.3	60344.8
438	Spectrogram 1	1	1811.675580418	1811.700849959	54741.4	66379.3
439	Spectrogram 1	1	1812.050411949	1812.085157569	50862.1	60775.9
440	Spectrogram 1	1	1812.650563424	1812.719001766	56465.5	64224.1
441	Spectrogram 1	1	1815.681855378	1815.808203086	54310.3	61206.9
442	Spectrogram 1	1	1816.015623905	1816.057739807	53017.2	58620.7
443	Spectrogram 1	1	1817.803443694	1817.850824084	55603.4	65948.3
445	Spectrogram 1	1	1823.438551193	1823.480667095	44827.6	58189.7
446	Spectrogram 1	1	1823.433286705	1823.442762783	69396.6	76293.1
447	Spectrogram 1	1	1825.715968354	1825.766507436	53448.3	60775.9
448	Spectrogram 1	1	1825.881273270	1825.891802246	65086.2	71551.7
449	Spectrogram 1	1	1827.565909239	1827.624871502	53017.2	61637.9
450	Spectrogram 1	1	1827.237405200	1827.278468205	51293.1	58620.7
451	Spectrogram 1	1	1827.709103307	1827.754377902	55603.4	71551.7
28	Spectrogram 1	1	1827.864932146	1827.966010312	49137.9	59913.8
29	Spectrogram 1	1	1828.213441104	1828.261874392	49137.9	57758.6
30	Spectrogram 1	1	1828.369269943	1828.395592382	50000.0	57327.6
31	Spectrogram 1	1	1829.294766905	1829.353729168	50431.0	61637.9
32	Spectrogram 1	1	1829.633799919	1829.699079568	52155.2	64224.1
33	Spectrogram 1	1	1831.968073548	1832.027035812	55172.4	61637.9
34	Spectrogram 1	1	1832.440824553	1832.485046250	52155.2	59051.7
35	Spectrogram 1	1	1832.106003129	1832.158648007	55172.4	64655.2
36	Spectrogram 1	1	1833.494775017	1833.504251095	68534.5	78879.3
37	Spectrogram 1	1	1833.651656753	1833.714830607	54741.4	66379.3
38	Spectrogram 1	1	1836.205985972	1836.236520001	53879.3	61206.9
39	Spectrogram 1	1	1836.384978557	1836.398666226	57327.6	66810.3
40	Spectrogram 1	1	1836.500797289	1836.551336372	56896.6	65086.2
41	Spectrogram 1	1	1838.682400772	1838.689771055	74137.9	86637.9
42	Spectrogram 1	1	1838.959312830	1839.036174352	56896.6	62500.0
43	Spectrogram 1	1	1841.581027353	1841.588397636	66810.3	78879.3
44	Spectrogram 1	1	1842.061148640	1842.102211645	52586.2	68103.4
45	Spectrogram 1	1	1842.101158747	1842.110634825	72413.8	86637.9
46	Spectrogram 1	1	1842.229612116	1842.267516428	69827.6	88362.1
47	Spectrogram 1	1	1842.525476330	1842.533899511	72844.8	84482.8
48	Spectrogram 1	1	1842.489677813	1842.525476330	49137.9	61637.9
49	Spectrogram 1	1	1843.850021467	1843.866867828	55603.4	64224.1
50	Spectrogram 1	1	1843.866867828	1843.875291008	71982.8	87500.0
51	Spectrogram 1	1	1844.525981707	1844.577573687	57327.6	66810.3
52	Spectrogram 1	1	1851.724641808	1851.733064989	68534.5	83620.7
53	Spectrogram 1	1	1850.924439662	1850.986560618	52155.2	58620.7
54	Spectrogram 1	1	1851.670944039	1851.727800507	50862.1	64655.2
55	Spectrogram 1	1	1851.841513443	1851.906793092	56034.5	62500.0
56	Spectrogram 1	1	1857.244983332	1857.294469518	59051.7	69396.6
57	Spectrogram 1	1	1860.216259992	1860.264693279	44827.6	53017.2
58	Spectrogram 1	1	1860.202572323	1860.217312889	59051.7	65086.2
59	Spectrogram 1	1	1860.450003250	1860.493172050	54741.4	59913.8
60	Spectrogram 1	1	1863.139103497	1863.179113604	56896.6	65517.2
61	Spectrogram 1	1	1863.369688063	1863.406539477	58620.7	70258.6
62	Spectrogram 1	1	1864.057230035	1864.115139401	49137.9	55172.4
63	Spectrogram 1	1	1865.757659607	1865.809251588	58189.7	66379.3
64	Spectrogram 1	1	1866.673680351	1866.738959999	53879.3	59913.8
65	Spectrogram 1	1	1868.380427162	1868.452024196	49137.9	65517.2
66	Spectrogram 1	1	1868.978472982	1869.030064962	54741.4	61206.9
67	Spectrogram 1	1	1870.325128834	1870.374615019	57327.6	62931.0
68	Spectrogram 1	1	1870.458846824	1870.497804034	56465.5	71551.7
69	Spectrogram 1	1	1871.454887782	1871.517008738	58620.7	64655.2
70	Spectrogram 1	1	1874.425111677	1874.467227580	68534.5	80603.4
71	Spectrogram 1	1	1878.098671009	1878.139734014	68534.5	85344.8
72	Spectrogram 1	1	1878.086036238	1878.102882599	57758.6	64655.2
73	Spectrogram 1	1	1877.946000863	1877.975481994	53448.3	59913.8
74	Spectrogram 1	1	1878.595638657	1878.677764667	51293.1	61206.9
75	Spectrogram 1	1	1877.202655039	1877.252141224	55603.4	59913.8
76	Spectrogram 1	1	1879.155779745	1879.164202925	70258.6	85775.9
77	Spectrogram 1	1	1879.450591062	1879.459014242	71982.8	86637.9
78	Spectrogram 1	1	1879.397946184	1879.451643959	54741.4	65086.2
79	Spectrogram 1	1	1879.143144974	1879.161044233	53017.2	65517.2
80	Spectrogram 1	1	1880.416098130	1880.454002443	54741.4	70689.7
81	Spectrogram 1	1	1880.545604530	1880.588773330	55603.4	62931.0
82	Spectrogram 1	1	1881.264733570	1881.318431346	55603.4	65086.2
83	Spectrogram 1	1	1883.894871414	1883.942251804	54310.3	60775.9
84	Spectrogram 1	1	1884.151778418	1884.161254496	63793.1	76293.1
85	Spectrogram 1	1	1884.115979901	1884.139143648	60775.9	66379.3
86	Spectrogram 1	1	1884.654010561	1884.664539536	67672.4	82758.6
87	Spectrogram 1	1	1884.615053351	1884.658222151	48275.9	61637.9
88	Spectrogram 1	1	1885.276272907	1885.305754038	53879.3	61206.9
89	Spectrogram 1	1	1885.306806936	1885.314177219	62069.0	67241.4
90	Spectrogram 1	1	1885.535285706	1885.554237863	52586.2	60344.8
91	Spectrogram 1	1	1885.796404301	1885.850102077	54741.4	63362.1
92	Spectrogram 1	1	1887.298888992	1887.363115743	50000.0	64224.1
93	Spectrogram 1	1	1890.037475424	1890.049057297	70689.7	84482.8
94	Spectrogram 1	1	1890.268059990	1890.317546175	51293.1	68103.4
95	Spectrogram 1	1	1890.411254058	1890.445999678	50862.1	60775.9
96	Spectrogram 1	1	1890.932438216	1890.998770763	51724.1	57758.6
97	Spectrogram 1	1	1891.151440909	1891.193556811	53879.3	58620.7
98	Spectrogram 1	1	1891.277788616	1891.329380596	53879.3	64224.1
99	Spectrogram 1	1	1891.329380596	1891.336750879	69827.6	85344.8
100	Spectrogram 1	1	1893.318303819	1893.378318980	55603.4	58620.7
101	Spectrogram 1	1	1894.022692153	1894.062702260	57758.6	63362.1
102	Spectrogram 1	1	1895.443050968	1895.468320509	51724.1	64655.2
103	Spectrogram 1	1	1895.462003124	1895.471479202	72413.8	84482.8
104	Spectrogram 1	1	1895.600985602	1895.645207300	53879.3	59913.8
105	Spectrogram 1	1	1896.242200222	1896.308532769	53017.2	72844.8
106	Spectrogram 1	1	1896.530694020	1896.581233103	55603.4	60344.8
107	Spectrogram 1	1	1897.729944207	1897.737314490	75000.0	85775.9
108	Spectrogram 1	1	1897.983692519	1898.003697572	53879.3	63793.1
109	Spectrogram 1	1	1900.883372138	1900.947598889	55172.4	63793.1
110	Spectrogram 1	1	1901.323483184	1901.362440393	71982.8	87500.0
111	Spectrogram 1	1	1901.436143223	1901.514057642	51724.1	56896.6
112	Spectrogram 1	1	1901.753065388	1901.802551574	51724.1	62069.0
113	Spectrogram 1	1	1902.446924887	1902.467982838	66810.3	79310.3
114	Spectrogram 1	1	1902.653292808	1902.754370974	68965.5	88362.1
115	Spectrogram 1	1	1903.147101764	1903.212381413	50431.0	57327.6
116	Spectrogram 1	1	1904.829631937	1904.899123176	52586.2	63362.1
117	Spectrogram 1	1	1906.296318111	1906.355280374	56034.5	63793.1
118	Spectrogram 1	1	1909.333927450	1909.393942611	51724.1	59051.7
119	Spectrogram 1	1	1909.487650494	1909.528713499	53017.2	64224.1
120	Spectrogram 1	1	1909.631897460	1909.667695977	56034.5	68965.5
121	Spectrogram 1	1	1910.873263696	1910.929067266	54741.4	65517.2
122	Spectrogram 1	1	1911.302845900	1911.372337139	55172.4	67241.4
123	Spectrogram 1	1	1912.415758487	1912.448398312	54741.4	65517.2
124	Spectrogram 1	1	1914.717392432	1914.764772822	54741.4	67672.4
125	Spectrogram 1	1	1914.991145798	1915.017468237	54310.3	60344.8
126	Spectrogram 1	1	1914.347825242	1914.386782452	56034.5	61206.9
127	Spectrogram 1	1	1914.229900715	1914.237270998	75000.0	86206.9
128	Spectrogram 1	1	1917.651817530	1917.685510252	53017.2	58189.7
129	Spectrogram 1	1	1917.824492730	1917.832915910	71982.8	84051.7
130	Spectrogram 1	1	1917.911883227	1917.980321569	49137.9	63362.1
131	Spectrogram 1	1	1918.208800346	1918.280397380	54741.4	62069.0
132	Spectrogram 1	1	1920.693638320	1920.722066554	52155.2	65517.2
133	Spectrogram 1	1	1920.932646066	1920.950545324	48706.9	59482.8
134	Spectrogram 1	1	1921.069522755	1921.127432121	50000.0	60775.9
135	Spectrogram 1	1	1921.309583398	1921.340117428	49569.0	66379.3
136	Spectrogram 1	1	1921.339064530	1921.358016686	71120.7	86637.9
137	Spectrogram 1	1	1922.438289589	1922.465664926	53879.3	60775.9
138	Spectrogram 1	1	1922.315100575	1922.323523755	71982.8	82758.6
139	Spectrogram 1	1	1922.696249491	1922.705725569	71120.7	84913.8
140	Spectrogram 1	1	1922.655186486	1922.697302389	53448.3	63793.1
141	Spectrogram 1	1	1923.062657708	1923.131096050	51293.1	58620.7
142	Spectrogram 1	1	1924.786251027	1924.858900958	55172.4	61206.9
143	Spectrogram 1	1	1925.073692061	1925.147394890	53448.3	58620.7
144	Spectrogram 1	1	1926.197133623	1926.277153838	49569.0	60775.9
145	Spectrogram 1	1	1929.049432992	1929.077861226	51293.1	62931.0
146	Spectrogram 1	1	1929.321080563	1929.360037772	54310.3	66810.3
147	Spectrogram 1	1	1929.585357716	1929.626420721	53017.2	62069.0
148	Spectrogram 1	1	1931.661671577	1931.716422250	54310.3	60775.9
149	Spectrogram 1	1	1936.912471326	1936.975645180	52586.2	64655.2
150	Spectrogram 1	1	1937.057771189	1937.108310272	54310.3	61637.9
151	Spectrogram 1	1	1939.342558907	1939.385727707	55603.4	61206.9
152	Spectrogram 1	1	1941.666303561	1941.729477414	55172.4	62500.0
153	Spectrogram 1	1	1943.058234141	1943.099297146	55172.4	65948.3
154	Spectrogram 1	1	1943.288818707	1943.341463585	58189.7	65517.2
155	Spectrogram 1	1	1944.770245306	1944.812361208	52586.2	61206.9
156	Spectrogram 1	1	1945.067162418	1945.112437013	55172.4	59482.8
157	Spectrogram 1	1	1948.532248142	1948.572258250	45689.7	51724.1
158	Spectrogram 1	1	1948.889180415	1948.949195576	49137.9	59482.8
159	Spectrogram 1	1	1949.408258778	1949.441951500	50000.0	56465.5
160	Spectrogram 1	1	1949.284016866	1949.292440047	71120.7	80603.4
161	Spectrogram 1	1	1949.784143207	1949.829417802	53017.2	67241.4
162	Spectrogram 1	1	1950.315856481	1950.421146237	49569.0	58189.7
163	Spectrogram 1	1	1950.495901964	1950.523277301	55172.4	68534.5
164	Spectrogram 1	1	1950.632778647	1950.665418471	47413.8	59913.8
165	Spectrogram 1	1	1950.761232149	1950.784395896	68965.5	82327.6
166	Spectrogram 1	1	1950.889685652	1950.929695759	48706.9	53448.3
167	Spectrogram 1	1	1950.788607486	1950.794924871	61206.9	75000.0
168	Spectrogram 1	1	1950.800189359	1950.804400949	63793.1	77586.2
169	Spectrogram 1	1	1951.040250009	1951.086577502	49569.0	59482.8
170	Spectrogram 1	1	1951.278204858	1951.300315706	48706.9	65086.2
171	Spectrogram 1	1	1951.297157014	1951.310844682	68103.4	84913.8
172	Spectrogram 1	1	1951.316109170	1951.323479453	65086.2	81034.5
173	Spectrogram 1	1	1951.534058965	1951.550905326	49137.9	57758.6
174	Spectrogram 1	1	1951.553011121	1951.560381404	67241.4	78879.3
175	Spectrogram 1	1	1951.676200135	1951.689887804	49137.9	62500.0
176	Spectrogram 1	1	1951.678305930	1951.691993599	63793.1	83189.7
177	Spectrogram 1	1	1951.708839960	1951.714104447	62931.0	82758.6
178	Spectrogram 1	1	1951.822552902	1951.843610854	46551.7	50000.0
179	Spectrogram 1	1	1951.861510112	1951.929948454	46551.7	59051.7
180	Spectrogram 1	1	1952.014180258	1952.049978775	55603.4	71551.7
181	Spectrogram 1	1	1952.256346697	1952.304779985	56034.5	69827.6
182	Spectrogram 1	1	1954.703280365	1954.750660755	53879.3	62069.0
183	Spectrogram 1	1	1960.199402649	1960.236254064	54310.3	62500.0
184	Spectrogram 1	1	1960.478420502	1960.579498668	53879.3	65086.2
185	Spectrogram 1	1	1960.348914103	1960.356284385	74137.9	87931.0
186	Spectrogram 1	1	1965.314378747	1965.360706239	53448.3	60775.9
187	Spectrogram 1	1	1966.910571320	1966.964269096	56896.6	61637.9
188	Spectrogram 1	1	1967.586531560	1967.674974955	55603.4	64224.1
189	Spectrogram 1	1	1968.071917335	1968.085605003	67241.4	81034.5
190	Spectrogram 1	1	1968.377257494	1968.448854528	53879.3	60344.8
191	Spectrogram 1	1	1968.673121708	1968.714184713	51724.1	59913.8
192	Spectrogram 1	1	1969.947127622	1970.002931192	57758.6	67672.4
193	Spectrogram 1	1	1970.308271491	1970.373551140	53017.2	60775.9
194	Spectrogram 1	1	1972.934197878	1972.984736961	56896.6	67672.4
195	Spectrogram 1	1	1974.764133850	1974.818884523	54741.4	68103.4
196	Spectrogram 1	1	1974.902063431	1974.931544562	52155.2	65517.2
197	Spectrogram 1	1	1977.081561118	1977.127888611	54741.4	62931.0
198	Spectrogram 1	1	1978.727240017	1978.772514612	44827.6	51293.1
199	Spectrogram 1	1	1979.017839744	1979.045215080	48706.9	61637.9
200	Spectrogram 1	1	1982.221806898	1982.282874956	52155.2	65086.2
201	Spectrogram 1	1	1982.387111815	1982.428174819	56896.6	66379.3
202	Spectrogram 1	1	1982.087036010	1982.111252654	51724.1	59913.8
203	Spectrogram 1	1	1982.618749284	1982.662970982	49137.9	65517.2
204	Spectrogram 1	1	1982.752467274	1982.794583177	51293.1	57758.6
205	Spectrogram 1	1	1984.121233968	1984.182302027	56465.5	65948.3
206	Spectrogram 1	1	1985.992232945	1986.045930721	55172.4	59482.8
207	Spectrogram 1	1	1986.137532808	1986.173331326	51724.1	59913.8
208	Spectrogram 1	1	1986.280726883	1986.333371761	50862.1	60775.9
209	Spectrogram 1	1	1987.220964404	1987.270450589	53017.2	63793.1
210	Spectrogram 1	1	1987.721090611	1987.774788387	50000.0	63793.1
211	Spectrogram 1	1	1987.769523899	1987.780052874	67241.4	78879.3
212	Spectrogram 1	1	1987.883236835	1987.924299840	46551.7	63793.1
213	Spectrogram 1	1	1987.921141148	1987.929564328	70689.7	78879.3
214	Spectrogram 1	1	1988.045383060	1988.109609811	53879.3	65086.2
215	Spectrogram 1	1	1990.532326975	1990.597606624	46982.8	60775.9
216	Spectrogram 1	1	1990.673415248	1990.699737687	49569.0	60344.8
217	Spectrogram 1	1	1993.542560978	1993.603629036	53017.2	62069.0
218	Spectrogram 1	1	1995.056627401	1995.102954894	56034.5	68103.4
219	Spectrogram 1	1	1996.402230489	1996.458034060	55172.4	62931.0
220	Spectrogram 1	1	1996.788643900	1996.834971393	50431.0	58620.7
221	Spectrogram 1	1	1996.931837968	1996.973953871	50862.1	61206.9
222	Spectrogram 1	1	1996.968689383	1996.977112564	67241.4	78879.3
223	Spectrogram 1	1	1997.716246657	1997.729934325	49137.9	64224.1
224	Spectrogram 1	1	1997.727828530	1997.738357506	74137.9	83189.7
225	Spectrogram 1	1	1997.857334930	1997.915244296	50000.0	59482.8
226	Spectrogram 1	1	1998.016322462	1998.099501369	46120.7	64655.2
227	Spectrogram 1	1	1998.197420842	1998.251118618	54310.3	66810.3
228	Spectrogram 1	1	1998.434322659	1998.453274815	53879.3	65086.2
229	Spectrogram 1	1	1998.572252239	1998.612262347	49137.9	60344.8
230	Spectrogram 1	1	2001.730944658	2001.781483741	56034.5	63362.1
231	Spectrogram 1	1	2005.246569356	2005.280262078	53448.3	57758.6
232	Spectrogram 1	1	2005.364493882	2005.417138760	55603.4	64655.2
233	Spectrogram 1	1	2007.601900509	2007.645069309	58620.7	65517.2
234	Spectrogram 1	1	2008.116767422	2008.143089861	55603.4	65948.3
235	Spectrogram 1	1	2008.672697334	2008.692702387	49569.0	56896.6
236	Spectrogram 1	1	2008.689543695	2008.696913978	62931.0	78879.3
237	Spectrogram 1	1	2008.649533587	2008.676908924	67241.4	73275.9
238	Spectrogram 1	1	2009.160188770	2009.200198877	55172.4	63362.1
239	Spectrogram 1	1	2009.606615944	2009.615039124	69396.6	78448.3
240	Spectrogram 1	1	2010.057256100	2010.108848080	53017.2	56896.6
241	Spectrogram 1	1	2009.937225778	2009.957230831	56896.6	66379.3
242	Spectrogram 1	1	2010.703735067	2010.736374892	50431.0	57327.6
243	Spectrogram 1	1	2010.974329740	2011.028027516	51293.1	59913.8
244	Spectrogram 1	1	2011.533418211	2011.582904396	49137.9	60344.8
245	Spectrogram 1	1	2012.086189430	2012.134622718	50862.1	59482.8
246	Spectrogram 1	1	2012.233595088	2012.277816786	53017.2	65086.2
247	Spectrogram 1	1	2012.276763888	2012.283081274	70689.7	84913.8
248	Spectrogram 1	1	2014.179349658	2014.243576409	55172.4	65948.3
249	Spectrogram 1	1	2016.577850312	2016.628389395	55600.6	64123.4
250	Spectrogram 1	1	2019.691268136	2019.751283297	55194.8	65746.8
251	Spectrogram 1	1	2020.486205800	2020.547273858	54383.1	64123.4
252	Spectrogram 1	1	2020.632558561	2020.663092590	53977.3	61688.3
253	Spectrogram 1	1	2021.006337201	2021.080040030	49513.0	61688.3
254	Spectrogram 1	1	2020.876830801	2020.888412674	54789.0	63717.5
255	Spectrogram 1	1	2020.886306879	2020.893677162	69399.4	81574.7
256	Spectrogram 1	1	2022.521456662	2022.559360974	56412.3	61282.5
257	Spectrogram 1	1	2022.799421618	2022.856278086	55194.8	65746.8
258	Spectrogram 1	1	2023.067910496	2023.111079296	54383.1	60876.6
259	Spectrogram 1	1	2024.324017298	2024.359815815	55600.6	62905.8
260	Spectrogram 1	1	2024.444047619	2024.479846136	58035.7	69399.4
261	Spectrogram 1	1	2028.340821234	2028.399783497	56006.5	61688.3
262	Spectrogram 1	1	2028.851476550	2028.893592453	51948.1	60470.8
263	Spectrogram 1	1	2029.156816709	2029.167345684	65746.8	75487.0
264	Spectrogram 1	1	2029.148393528	2029.164186992	48701.3	58035.7
265	Spectrogram 1	1	2031.985952331	2032.003851590	68587.7	73051.9
266	Spectrogram 1	1	2032.001745795	2032.039650107	43831.2	52759.7
267	Spectrogram 1	1	2032.238647746	2032.269181775	49918.8	64935.1
268	Spectrogram 1	1	2032.267075980	2032.289186829	68993.5	82792.2
269	Spectrogram 1	1	2032.528194575	2032.560834399	70616.9	87662.3
270	Spectrogram 1	1	2032.498713443	2032.529247472	49918.8	64935.1
271	Spectrogram 1	1	2034.241258777	2034.291797860	54789.0	64935.1
272	Spectrogram 1	1	2034.384452846	2034.419198465	55194.8	66558.4
273	Spectrogram 1	1	2034.092800221	2034.106487890	68181.8	80357.1
274	Spectrogram 1	1	2034.765601769	2034.808770569	53165.6	70616.9
275	Spectrogram 1	1	2036.076459097	2036.110151819	56412.3	64935.1
276	Spectrogram 1	1	2036.197542316	2036.249134297	54789.0	64935.1
277	Spectrogram 1	1	2041.345158245	2041.429390049	53977.3	58847.4
278	Spectrogram 1	1	2041.505198674	2041.604171044	68181.8	88068.2
279	Spectrogram 1	1	2041.489405210	2041.508357367	47889.6	62500.0
280	Spectrogram 1	1	2041.681032566	2041.723148469	51542.2	56818.2
281	Spectrogram 1	1	2042.680232357	2042.700237411	62905.8	77922.1
282	Spectrogram 1	1	2043.270907754	2043.309864964	53977.3	65340.9
283	Spectrogram 1	1	2043.865794876	2043.899487598	53977.3	64529.2
284	Spectrogram 1	1	2045.341957268	2045.368279707	53977.3	65746.8
285	Spectrogram 1	1	2045.869458945	2045.931579901	53977.3	62500.0
286	Spectrogram 1	1	2046.022129091	2046.061086301	53977.3	64935.1
287	Spectrogram 1	1	2046.267454229	2046.286406385	49513.0	61688.3
288	Spectrogram 1	1	2046.282194795	2046.290617975	70211.0	79951.3
289	Spectrogram 1	1	2046.398013527	2046.450658405	54383.1	60876.6
290	Spectrogram 1	1	2047.407742153	2047.450910953	51542.2	64123.4
291	Spectrogram 1	1	2048.155299427	2048.195309534	55600.6	65340.9
292	Spectrogram 1	1	2048.542765729	2048.590146119	50730.5	54383.1
293	Spectrogram 1	1	2048.920755959	2048.975506632	56412.3	63311.7
294	Spectrogram 1	1	2049.910479532	2049.923114302	70211.0	81980.5
295	Spectrogram 1	1	2050.926525543	2050.998122577	52759.7	64935.1
296	Spectrogram 1	1	2051.491931533	2051.521412665	56412.3	64123.4
297	Spectrogram 1	1	2053.204995595	2053.289227400	51542.2	60470.8
298	Spectrogram 1	1	2053.527182255	2053.606149572	54383.1	60876.6
299	Spectrogram 1	1	2054.481107451	2054.511641480	54789.0	61282.5
300	Spectrogram 1	1	2056.541627848	2056.599537214	54383.1	66152.6
301	Spectrogram 1	1	2056.686927711	2056.761683438	53571.4	65746.8
302	Spectrogram 1	1	2056.861708706	2056.875396375	70211.0	77516.2
303	Spectrogram 1	1	2056.848021038	2056.864867399	47483.8	57629.9
304	Spectrogram 1	1	2057.113351089	2057.153361196	51136.4	58847.4
305	Spectrogram 1	1	2057.280761801	2057.300766855	49513.0	58035.7
306	Spectrogram 1	1	2057.300766855	2057.309190035	64935.1	81574.7
307	Spectrogram 1	1	2057.856696767	2057.890389488	51136.4	60470.8
308	Spectrogram 1	1	2057.887230796	2057.896706874	69805.2	82386.4
309	Spectrogram 1	1	2058.004102425	2058.104127693	45860.4	58847.4
310	Spectrogram 1	1	2058.219946291	2058.288384632	55194.8	62500.0
311	Spectrogram 1	1	2058.611624183	2058.657951676	49918.8	58035.7
312	Spectrogram 1	1	2066.300934834	2066.382007946	53165.6	56818.2
313	Spectrogram 1	1	2066.619962661	2066.676819129	54789.0	60876.6
314	Spectrogram 1	1	2067.108507129	2067.126406387	60470.8	65340.9
315	Spectrogram 1	1	2067.123247695	2067.167469392	43831.2	51136.4
316	Spectrogram 1	1	2068.456216018	2068.466744994	59253.2	64529.2
317	Spectrogram 1	1	2069.101642222	2069.125858866	53571.4	62094.2
318	Spectrogram 1	1	2069.795501721	2069.817612570	54789.0	62500.0
319	Spectrogram 1	1	2069.848146599	2069.857622677	62094.2	70211.0
320	Spectrogram 1	1	2070.066096394	2070.106106501	50730.5	56818.2
321	Spectrogram 1	1	2070.197708589	2070.251406364	49513.0	58847.4
322	Spectrogram 1	1	2071.057925902	2071.093724419	53165.6	66152.6
323	Spectrogram 1	1	2071.299039309	2071.367477650	50730.5	60470.8
324	Spectrogram 1	1	2072.885755798	2072.894178978	71834.4	85227.3
325	Spectrogram 1	1	2072.323508501	2072.378259174	53571.4	60064.9
326	Spectrogram 1	1	2074.033414004	2074.096587858	55194.8	64123.4
327	Spectrogram 1	1	2074.210300801	2074.273474654	62094.2	77110.4
328	Spectrogram 1	1	2075.474830777	2075.527475655	51542.2	57629.9
329	Spectrogram 1	1	2075.913889059	2075.951793372	55194.8	74269.5
330	Spectrogram 1	1	2076.189748226	2076.238181514	46672.1	57629.9
331	Spectrogram 1	1	2076.721461494	2076.736202060	68587.7	76298.7
332	Spectrogram 1	1	2076.880449032	2076.945728681	51542.2	56818.2
333	Spectrogram 1	1	2077.026801793	2077.067864798	57629.9	67776.0
334	Spectrogram 1	1	2078.806198542	2078.846208649	53977.3	60470.8
335	Spectrogram 1	1	2080.672985648	2080.721418936	51542.2	59659.1
336	Spectrogram 1	1	2080.841449257	2080.884618057	50324.7	60876.6
337	Spectrogram 1	1	2080.997278096	2081.062557745	52353.9	67370.1
338	Spectrogram 1	1	2083.373667768	2083.422101056	54789.0	66558.4
339	Spectrogram 1	1	2085.037245919	2085.041457509	71428.6	88068.2
340	Spectrogram 1	1	2085.010923480	2085.040404612	53165.6	66558.4
341	Spectrogram 1	1	2085.880616871	2085.945896520	52759.7	64123.4
342	Spectrogram 1	1	2085.781644500	2085.787961886	78733.8	89285.7
343	Spectrogram 1	1	2086.149105749	2086.157528929	72646.1	86444.8
344	Spectrogram 1	1	2086.986159175	2087.043015643	52759.7	60064.9
345	Spectrogram 1	1	2086.295458376	2086.300722864	71834.4	82386.4
346	Spectrogram 1	1	2088.148557948	2088.204361518	56006.5	66558.4
347	Spectrogram 1	1	2091.707351585	2091.753679078	54789.0	62500.0
348	Spectrogram 1	1	2093.570980279	2093.635207030	54383.1	66558.4
349	Spectrogram 1	1	2102.487996807	2102.552223558	48295.5	61688.3
350	Spectrogram 1	1	2102.661724904	2102.702787909	53165.6	59659.1
351	Spectrogram 1	1	2104.671706078	2104.720139366	54789.0	62094.2
352	Spectrogram 1	1	2104.450597591	2104.480078722	51542.2	56006.5
353	Spectrogram 1	1	2106.291062538	2106.323702363	57224.0	63311.7
354	Spectrogram 1	1	2108.685351469	2108.710621010	58441.6	66558.4
355	Spectrogram 1	1	2112.104109444	2112.147278244	31655.8	36120.1
356	Spectrogram 1	1	2112.140960859	2112.151489834	45454.5	50324.7
357	Spectrogram 1	1	2112.110426830	2112.143066654	64529.2	70616.9
358	Spectrogram 1	1	2112.004084176	2112.104109444	53165.6	58847.4
359	Spectrogram 1	1	2118.346738701	2118.386748808	49107.1	59253.2
360	Spectrogram 1	1	2118.880557630	2118.899509786	35308.4	44237.0
361	Spectrogram 1	1	2118.867922859	2118.882663425	54383.1	59253.2
362	Spectrogram 1	1	2118.917409045	2118.925832225	64935.1	72240.3
363	Spectrogram 1	1	2119.035333571	2119.084819757	46672.1	53977.3
364	Spectrogram 1	1	2119.174316049	2119.204850079	48701.3	59659.1
365	Spectrogram 1	1	2119.203797181	2119.211167464	67776.0	82386.4
366	Spectrogram 1	1	2119.234331210	2119.244860186	70211.0	79139.6
367	Spectrogram 1	1	2120.065067391	2120.073490572	71428.6	85227.3
368	Spectrogram 1	1	2120.344082484	2120.352505664	65746.8	79951.3
369	Spectrogram 1	1	2120.465165703	2120.520969274	52759.7	61282.5
370	Spectrogram 1	1	2120.616782952	2120.649422776	49513.0	62905.8
371	Spectrogram 1	1	2120.762082815	2120.822097976	55600.6	66558.4
372	Spectrogram 1	1	2125.125289774	2125.154770906	56006.5	62500.0
373	Spectrogram 1	1	2125.242161403	2125.301123667	51542.2	59253.2
374	Spectrogram 1	1	2127.579593999	2127.617498312	49918.8	58035.7
375	Spectrogram 1	1	2126.458258092	2126.477210248	55600.6	64529.2
376	Spectrogram 1	1	2127.730158351	2127.742793121	72240.3	83198.1
377	Spectrogram 1	1	2127.706994604	2127.731211248	50324.7	60876.6
378	Spectrogram 1	1	2128.144999995	2128.200803566	51542.2	58035.7
379	Spectrogram 1	1	2128.796743585	2128.808325458	66152.6	78733.8
380	Spectrogram 1	1	2128.967312996	2128.995741230	55600.6	59659.1
381	Spectrogram 1	1	2130.619308711	2130.647736945	54789.0	61282.5
382	Spectrogram 1	1	2130.954130135	2130.992034447	54789.0	61688.3
383	Spectrogram 1	1	2131.386867328	2131.442670899	50730.5	67370.1
384	Spectrogram 1	1	2131.523744011	2131.576388889	58441.6	69399.4
385	Spectrogram 1	1	2133.092561242	2133.138888734	52759.7	62500.0
386	Spectrogram 1	1	2134.035957322	2134.045433400	74675.3	89285.7
387	Spectrogram 1	1	2134.531871938	2134.607680563	50324.7	56412.3
388	Spectrogram 1	1	2134.649796465	2134.683489187	68181.8	84009.7
389	Spectrogram 1	1	2134.771932582	2134.828789050	51948.1	58441.6
390	Spectrogram 1	1	2135.199405200	2135.214145766	56818.2	62500.0
391	Spectrogram 1	1	2141.395706818	2141.409394486	60876.6	66964.3
392	Spectrogram 1	1	2141.611550818	2141.650508028	55194.8	65340.9
393	Spectrogram 1	1	2142.190644482	2142.221178511	48295.5	56818.2
394	Spectrogram 1	1	2143.526771402	2143.607844514	46672.1	65340.9
395	Spectrogram 1	1	2143.805789255	2143.843693568	57629.9	71834.4
396	Spectrogram 1	1	2144.046902797	2144.061643363	72240.3	89691.6
397	Spectrogram 1	1	2144.015315870	2144.047955694	51948.1	60876.6
398	Spectrogram 1	1	2144.150086758	2144.196414250	52353.9	58847.4
399	Spectrogram 1	1	2145.110329339	2145.157709729	47889.6	60876.6
400	Spectrogram 1	1	2145.360918890	2145.440939104	44237.0	64935.1
401	Spectrogram 1	1	2145.765231553	2145.790501094	54789.0	69399.4
402	Spectrogram 1	1	2151.930999148	2151.972062152	62500.0	70211.0
403	Spectrogram 1	1	2152.208964103	2152.255291596	50324.7	59253.2
404	Spectrogram 1	1	2154.255796973	2154.287383900	44237.0	53165.6
405	Spectrogram 1	1	2159.066485535	2159.108601438	55194.8	59253.2
406	Spectrogram 1	1	2160.436305133	2160.468944958	51948.1	56006.5
407	Spectrogram 1	1	2162.594745144	2162.644231329	56006.5	64529.2
408	Spectrogram 1	1	2165.868203397	2165.931377250	52353.9	66558.4
409	Spectrogram 1	1	2166.324107906	2166.387281760	51136.4	59253.2
410	Spectrogram 1	1	2167.537045761	2167.581267459	71022.7	88068.2
411	Spectrogram 1	1	2167.581267459	2167.600219615	53977.3	66558.4
412	Spectrogram 1	1	2167.670763752	2167.740254991	49107.1	57224.0
413	Spectrogram 1	1	2167.850809241	2167.900295426	53977.3	60470.8
414	Spectrogram 1	1	2169.145873246	2169.175354377	56412.3	64529.2
415	Spectrogram 1	1	2169.614412520	2169.634417573	58035.7	64935.1
416	Spectrogram 1	1	2169.737601534	2169.753394998	58035.7	64935.1
417	Spectrogram 1	1	2171.893935616	2171.928681235	53571.4	58847.4
418	Spectrogram 1	1	2177.175269416	2177.218438216	53977.3	65340.9
419	Spectrogram 1	1	2177.432176421	2177.440599601	73051.9	81980.5
420	Spectrogram 1	1	2178.943084426	2178.984147431	56006.5	63311.7
421	Spectrogram 1	1	2180.743539126	2180.801448492	56412.3	63311.7
422	Spectrogram 1	1	2183.438956618	2183.457908774	56006.5	65746.8
423	Spectrogram 1	1	2183.656906413	2183.683228852	55600.6	70211.0
424	Spectrogram 1	1	2185.983810039	2186.046983893	53571.4	66152.6
425	Spectrogram 1	1	2188.887701248	2188.959298283	55555.6	64682.5
426	Spectrogram 1	1	2189.170930692	2189.215152390	55158.7	60714.3
427	Spectrogram 1	1	2189.426784799	2189.458371726	49603.2	58333.3
428	Spectrogram 1	1	2189.460477521	2189.467847804	69047.6	78968.3
429	Spectrogram 1	1	2189.589983787	2189.665792411	53174.6	68650.8
430	Spectrogram 1	1	2189.745812626	2189.759500294	54365.1	60317.5
431	Spectrogram 1	1	2189.763711884	2189.770029270	67460.3	84523.8
432	Spectrogram 1	1	2190.262785328	2190.315430206	56746.0	67063.5
433	Spectrogram 1	1	2192.428595488	2192.494928034	55158.7	66666.7
434	Spectrogram 1	1	2192.313829654	2192.322252834	70238.1	80952.4
435	Spectrogram 1	1	2194.821831654	2194.855524376	54761.9	62698.4
436	Spectrogram 1	1	2197.915244290	2197.948937012	54761.9	62301.6
437	Spectrogram 1	1	2200.516954174	2200.536959227	65476.2	79761.9
438	Spectrogram 1	1	2199.815724399	2199.824147579	71825.4	87698.4
439	Spectrogram 1	1	2199.793613550	2199.815724399	55555.6	64285.7
440	Spectrogram 1	1	2206.696409437	2206.749054315	54761.9	60714.3
441	Spectrogram 1	1	2205.978333294	2205.985703577	73809.5	84127.0
442	Spectrogram 1	1	2207.460812931	2207.467130317	77777.8	88095.2
443	Spectrogram 1	1	2207.443966570	2207.467130317	54761.9	67460.3
444	Spectrogram 1	1	2208.683227005	2208.748506654	53571.4	60317.5
445	Spectrogram 1	1	2208.838000185	2208.846423365	69841.3	84127.0
446	Spectrogram 1	1	2208.986458741	2209.029627541	50793.7	55952.4
447	Spectrogram 1	1	2209.368660555	2209.409723560	51984.1	60714.3
448	Spectrogram 1	1	2212.073554125	2212.120934516	57142.9	65079.4
449	Spectrogram 1	1	2211.930360057	2211.984057833	55158.7	68254.0
450	Spectrogram 1	1	2211.813488428	2211.820858711	71825.4	78174.6
451	Spectrogram 1	1	2213.361247848	2213.419157213	53174.6	63888.9
452	Spectrogram 1	1	2213.651847291	2213.693963194	55952.4	61904.8
453	Spectrogram 1	1	2213.508653223	2213.529711174	46428.6	57936.5
454	Spectrogram 1	1	2215.655511080	2215.710261753	56746.0	64682.5
455	Spectrogram 1	1	2217.545461932	2217.584419142	57539.7	71825.4
456	Spectrogram 1	1	2218.105603434	2218.144560644	47222.2	51587.3
457	Spectrogram 1	1	2218.416208221	2218.455165431	53571.4	59523.8
458	Spectrogram 1	1	2223.266907031	2223.297441060	57142.9	63492.1
459	Spectrogram 1	1	2223.392201841	2223.414312690	54365.1	68650.8
460	Spectrogram 1	1	2223.410101099	2223.419577177	74603.2	85317.5
461	Spectrogram 1	1	2223.514337958	2223.560665450	55952.4	63888.9
462	Spectrogram 1	1	2223.745975287	2223.775456419	51984.1	59127.0
463	Spectrogram 1	1	2224.001829394	2224.050262682	51190.5	59127.0
464	Spectrogram 1	1	2223.874428789	2223.882851970	54761.9	63095.2
465	Spectrogram 1	1	2225.615921226	2225.672777694	55555.6	65476.2
466	Spectrogram 1	1	2225.748586319	2225.770697167	55952.4	65079.4
467	Spectrogram 1	1	2225.879145616	2225.909679645	53571.4	59920.6
468	Spectrogram 1	1	2227.853328554	2227.900708944	55158.7	62698.4
469	Spectrogram 1	1	2227.619585295	2227.637484554	54365.1	60317.5
470	Spectrogram 1	1	2227.737509822	2227.743827207	68650.8	79365.1
471	Spectrogram 1	1	2228.615626393	2228.646160423	57142.9	66269.8
472	Spectrogram 1	1	2228.851475447	2228.878850783	54365.1	60714.3
473	Spectrogram 1	1	2230.261305012	2230.272886885	71031.7	80952.4
474	Spectrogram 1	1	2230.393970104	2230.448720778	55952.4	65476.2
475	Spectrogram 1	1	2231.166796914	2231.188907762	57142.9	67857.1
476	Spectrogram 1	1	2231.706933228	2231.740625950	54365.1	61507.9
477	Spectrogram 1	1	2232.720873585	2232.748248921	56349.2	61507.9
478	Spectrogram 1	1	2232.837745214	2232.886178501	55555.6	64285.7
479	Spectrogram 1	1	2234.740331117	2234.748754298	79761.9	85714.3
480	Spectrogram 1	1	2234.865625927	2234.897212854	59127.0	72222.2
481	Spectrogram 1	1	2234.750860093	2234.766653556	62301.6	69047.6
482	Spectrogram 1	1	2234.697162317	2234.743489810	54761.9	67857.1
483	Spectrogram 1	1	2235.110951065	2235.119374245	68254.0	79761.9
484	Spectrogram 1	1	2235.087787318	2235.110951065	51587.3	60317.5
485	Spectrogram 1	1	2235.234140079	2235.273097289	50396.8	62698.4
486	Spectrogram 1	1	2235.484729699	2235.512105035	48809.5	53968.3
487	Spectrogram 1	1	2236.131208807	2236.139631987	65873.0	75793.7
488	Spectrogram 1	1	2236.123838524	2236.136473295	49206.3	59523.8
489	Spectrogram 1	1	2236.440760689	2236.458659948	71428.6	86507.9
490	Spectrogram 1	1	2236.423914328	2236.431284611	70634.9	79365.1
491	Spectrogram 1	1	2236.406015070	2236.438654894	46825.4	62698.4
492	Spectrogram 1	1	2236.547103343	2236.599748221	55158.7	65079.4
493	Spectrogram 1	1	2238.741341456	2238.795039232	57936.5	66269.8
494	Spectrogram 1	1	2241.090355785	2241.139841970	56349.2	74206.3
495	Spectrogram 1	1	2243.831048013	2243.873163915	56746.0	66269.8
496	Spectrogram 1	1	2246.717039542	2246.758102547	53174.6	62301.6
497	Spectrogram 1	1	2247.237170943	2247.282445538	53174.6	63888.9
498	Spectrogram 1	1	2247.515135899	2247.541458338	55555.6	64682.5
499	Spectrogram 1	1	2247.648853889	2247.702551665	53174.6	67063.5
500	Spectrogram 1	1	2248.618572548	2248.638577602	43650.8	47619.0
501	Spectrogram 1	1	2248.947076593	2248.961817159	63095.2	72222.2
502	Spectrogram 1	1	2249.055525042	2249.097640944	53968.3	60714.3
503	Spectrogram 1	1	2249.626195520	2249.651465061	54365.1	67063.5
504	Spectrogram 1	1	2249.876785145	2249.914689457	55158.7	64285.7
505	Spectrogram 1	1	2250.929682571	2250.967586883	71428.6	88492.1
506	Spectrogram 1	1	2251.038131020	2251.104463566	52777.8	57142.9
507	Spectrogram 1	1	2251.704615176	2251.736202102	53174.6	64285.7
508	Spectrogram 1	1	2252.364781812	2252.409003509	53174.6	63492.1
509	Spectrogram 1	1	2252.765935648	2252.797522575	61904.8	69047.6
510	Spectrogram 1	1	2253.371349286	2253.378719569	69047.6	75793.7
511	Spectrogram 1	1	2253.529283920	2253.537707101	69841.3	78968.3
512	Spectrogram 1	1	2253.653525832	2253.718805481	54761.9	69444.4
513	Spectrogram 1	1	2255.349743814	2255.376066253	55555.6	66666.7
514	Spectrogram 1	1	2256.979629244	2257.040697302	57142.9	67857.1
515	Spectrogram 1	1	2257.300763006	2257.348143396	55555.6	61111.1
516	Spectrogram 1	1	2257.589256937	2257.682964820	50396.8	69047.6
517	Spectrogram 1	1	2258.094647772	2258.158874523	71031.7	88492.1
518	Spectrogram 1	1	2258.054637665	2258.069378231	70238.1	78571.4
519	Spectrogram 1	1	2258.779031186	2258.811671011	67460.3	79365.1
520	Spectrogram 1	1	2258.904325996	2258.928542640	59920.6	76984.1
521	Spectrogram 1	1	2258.889585430	2258.899061508	63888.9	74206.3
522	Spectrogram 1	1	2259.195978486	2259.250729159	52777.8	62698.4
523	Spectrogram 1	1	2259.714004086	2259.731903344	61904.8	67857.1
524	Spectrogram 1	1	2261.362838982	2261.382844035	50000.0	62698.4
525	Spectrogram 1	1	2261.506033050	2261.580788777	47619.0	61904.8
526	Spectrogram 1	1	2261.672390864	2261.710295177	55158.7	72222.2
527	Spectrogram 1	1	2261.820849420	2261.850330552	50793.7	57936.5
528	Spectrogram 1	1	2261.934562357	2261.991418825	53968.3	66269.8
529	Spectrogram 1	1	2262.084073810	2262.099867274	57539.7	70238.1
530	Spectrogram 1	1	2263.427570829	2263.462316449	55952.4	63492.1
531	Spectrogram 1	1	2263.702377092	2263.730805326	55158.7	63492.1
532	Spectrogram 1	1	2264.765801057	2264.774224238	73809.5	84523.8
533	Spectrogram 1	1	2265.024813857	2265.047977603	54365.1	63492.1
534	Spectrogram 1	1	2265.388063515	2265.399645388	66666.7	73809.5
535	Spectrogram 1	1	2265.661816881	2265.708144373	51984.1	59920.6
536	Spectrogram 1	1	2265.817641670	2265.828170645	71825.4	84523.8
537	Spectrogram 1	1	2265.937671992	2265.991369767	56349.2	64285.7
538	Spectrogram 1	1	2266.794730612	2266.804206690	72619.0	83730.2
539	Spectrogram 1	1	2266.776831353	2266.798942202	55158.7	65873.0
540	Spectrogram 1	1	2267.156927372	2267.221154124	53571.4	65079.4
541	Spectrogram 1	1	2267.553869753	2267.590721167	57142.9	62698.4
542	Spectrogram 1	1	2270.077664942	2270.097669996	61507.9	70238.1
543	Spectrogram 1	1	2270.319831381	2270.372476259	53174.6	60317.5
544	Spectrogram 1	1	2270.606219384	2270.655705569	50000.0	63095.2
545	Spectrogram 1	1	2270.884184340	2270.910506779	65873.0	83333.3
546	Spectrogram 1	1	2270.859967696	2270.886290135	50396.8	65476.2
547	Spectrogram 1	1	2270.995791481	2271.046330564	48412.7	61111.1
548	Spectrogram 1	1	2271.430634619	2271.439057799	73809.5	85714.3
549	Spectrogram 1	1	2271.483279497	2271.503284550	65079.4	83730.2
550	Spectrogram 1	1	2271.388518716	2271.435899106	49206.3	65873.0
551	Spectrogram 1	1	2271.673853955	2271.724393038	55952.4	71031.7
552	Spectrogram 1	1	2274.723044887	2274.787271638	50000.0	66269.8
553	Spectrogram 1	1	2274.440868341	2274.477719756	50000.0	64285.7
554	Spectrogram 1	1	2274.591432692	2274.600908770	48015.9	58730.2
555	Spectrogram 1	1	2274.864133160	2274.913619345	50396.8	61904.8
556	Spectrogram 1	1	2274.996798253	2275.036808360	53174.6	70634.9
557	Spectrogram 1	1	2276.704597967	2276.736184894	51984.1	61904.8
558	Spectrogram 1	1	2276.942552816	2277.016255645	45634.9	65476.2
559	Spectrogram 1	1	2277.219464881	2277.234205446	50793.7	64285.7
560	Spectrogram 1	1	2277.229993856	2277.270003963	65873.0	82539.7
561	Spectrogram 1	1	2277.348971280	2277.378452412	50000.0	58730.2
562	Spectrogram 1	1	2277.477424783	2277.505853017	49603.2	60317.5
563	Spectrogram 1	1	2278.247092905	2278.255516086	66269.8	74603.2
564	Spectrogram 1	1	2278.211294388	2278.251304496	45634.9	59920.6
565	Spectrogram 1	1	2278.357647149	2278.395551461	46825.4	59920.6
566	Spectrogram 1	1	2278.506105705	2278.564015071	54365.1	65476.2
567	Spectrogram 1	1	2281.136243689	2281.146772664	75000.0	87698.4
568	Spectrogram 1	1	2281.119397328	2281.141508177	56349.2	66269.8
569	Spectrogram 1	1	2281.453165854	2281.479488293	53571.4	62698.4
570	Spectrogram 1	1	2281.721654732	2281.780616996	55158.7	67460.3
571	Spectrogram 1	1	2281.855372588	2281.906964569	55158.7	61507.9
572	Spectrogram 1	1	2282.483952432	2282.506063281	54365.1	60714.3
573	Spectrogram 1	1	2283.267308083	2283.276784161	73809.5	86111.1
574	Spectrogram 1	1	2296.658058498	2296.692804117	53571.4	60317.5
575	Spectrogram 1	1	2298.144749585	2298.204764746	51587.3	63492.1
576	Spectrogram 1	1	2298.288996551	2298.355329097	51587.3	63095.2
577	Spectrogram 1	1	2304.956996562	2305.068603703	48412.7	59127.0
578	Spectrogram 1	1	2307.083849512	2307.161763931	49206.3	70634.9
579	Spectrogram 1	1	2311.583933428	2311.646054384	50793.7	66666.7
580	Spectrogram 1	1	2311.747132416	2311.768190367	55555.6	63888.9
581	Spectrogram 1	1	2312.152497977	2312.179873313	57539.7	65873.0
582	Spectrogram 1	1	2314.461502205	2314.473084078	66269.8	69047.6
583	Spectrogram 1	1	2314.469925385	2314.513094185	49206.3	56349.2
584	Spectrogram 1	1	2315.054283531	2315.118510282	50000.0	61507.9
585	Spectrogram 1	1	2315.400686834	2315.417533195	54761.9	62301.6
586	Spectrogram 1	1	2320.928398635	2320.961038460	49206.3	59127.0
587	Spectrogram 1	1	2324.803061261	2324.839912676	48015.9	63095.2
588	Spectrogram 1	1	2324.950466785	2324.999952971	54365.1	68254.0
589	Spectrogram 1	1	2327.684841487	2327.722745799	53968.3	69444.4
590	Spectrogram 1	1	2328.319738716	2328.358695926	53174.6	60317.5
591	Spectrogram 1	1	2328.562958059	2328.594544985	50396.8	62301.6
592	Spectrogram 1	1	2329.005175034	2329.046238039	55952.4	65079.4
593	Spectrogram 1	1	2330.586627182	2330.619267006	50000.0	57539.7
594	Spectrogram 1	1	2334.004332260	2334.031707596	48412.7	58333.3
595	Spectrogram 1	1	2334.122256652	2334.167531248	49603.2	60714.3
596	Spectrogram 1	1	2334.424438252	2334.445496203	54365.1	65476.2
597	Spectrogram 1	1	2334.627647481	2334.682398154	51587.3	67460.3
598	Spectrogram 1	1	2336.510228331	2336.541815258	57936.5	64682.5
599	Spectrogram 1	1	2336.860843219	2336.869266399	69841.3	82142.9
600	Spectrogram 1	1	2337.185135674	2337.206193625	55952.4	66269.8
601	Spectrogram 1	1	2338.225398469	2338.255932498	56349.2	65873.0
602	Spectrogram 1	1	2338.474935191	2338.524421376	55158.7	69047.6
603	Spectrogram 1	1	2339.845807820	2339.878447645	55952.4	66269.8
604	Spectrogram 1	1	2340.579677286	2340.622846086	51984.1	64285.7
605	Spectrogram 1	1	2340.861853698	2340.901863805	50396.8	57936.5
606	Spectrogram 1	1	2340.992412995	2341.014523844	52381.0	59920.6
607	Spectrogram 1	1	2341.015576742	2341.029264410	71825.4	80555.6
608	Spectrogram 1	1	2341.220891766	2341.243002615	54761.9	60317.5
609	Spectrogram 1	1	2341.627310090	2341.649420939	53968.3	60714.3
610	Spectrogram 1	1	2341.747340412	2341.783138929	53571.4	66666.7
611	Spectrogram 1	1	2342.088479221	2342.107431378	47619.0	65079.4
612	Spectrogram 1	1	2342.944484944	2342.986600847	51984.1	63095.2
613	Spectrogram 1	1	2343.318263578	2343.348797607	56349.2	62301.6
614	Spectrogram 1	1	2343.463561057	2343.483566110	54761.9	63492.1
615	Spectrogram 1	1	2343.699410110	2343.709939086	69444.4	84127.0
616	Spectrogram 1	1	2345.844162172	2345.886278075	55158.7	66666.7
617	Spectrogram 1	1	2347.539327116	2347.549856092	73809.5	84920.6
618	Spectrogram 1	1	2347.551961887	2347.558279272	70634.9	76984.1
619	Spectrogram 1	1	2347.825715253	2347.840455818	59920.6	66269.8
620	Spectrogram 1	1	2348.911252643	2348.977585190	48412.7	60317.5
621	Spectrogram 1	1	2348.793328117	2348.812280273	74122.8	88157.9
622	Spectrogram 1	1	2348.767005678	2348.802804195	56578.9	68859.6
623	Spectrogram 1	1	2349.137625625	2349.167106757	51315.8	67105.3
624	Spectrogram 1	1	2349.462970971	2349.482976025	67105.3	78947.4
625	Spectrogram 1	1	2349.439807225	2349.468235459	46929.8	60526.3
626	Spectrogram 1	1	2349.586159986	2349.613535322	49561.4	59649.1
627	Spectrogram 1	1	2351.331864013	2351.396090764	53508.8	68859.6
628	Spectrogram 1	1	2352.337381048	2352.380549848	57894.7	66228.1
629	Spectrogram 1	1	2352.939638319	2352.957537577	66228.1	78070.2
630	Spectrogram 1	1	2353.034399099	2353.042822280	64473.7	73245.6
631	Spectrogram 1	1	2355.385519223	2355.409735867	46929.8	56140.4
632	Spectrogram 1	1	2356.352079190	2356.398406682	45614.0	57456.1
633	Spectrogram 1	1	2356.600563020	2356.644784718	50877.2	64912.3
634	Spectrogram 1	1	2358.416811183	2358.428393057	43421.1	59210.5
635	Spectrogram 1	1	2359.464444122	2359.519194795	48684.2	65350.9
636	Spectrogram 1	1	2359.756096746	2359.795053956	50438.6	57456.1
637	Spectrogram 1	1	2359.613955575	2359.651859887	48684.2	60087.7
638	Spectrogram 1	1	2359.887708941	2359.924560356	53947.4	69298.2
639	Spectrogram 1	1	2361.228047407	2361.267004617	52193.0	61842.1
640	Spectrogram 1	1	2361.480742822	2361.522858724	51754.4	63596.5
641	Spectrogram 1	1	2364.369893745	2364.402533570	56140.4	65789.5
642	Spectrogram 1	1	2364.493082760	2364.537304457	54386.0	64473.7
643	Spectrogram 1	1	2367.335905910	2367.364334145	53070.2	59210.5
644	Spectrogram 1	1	2367.195870535	2367.210611101	53947.4	62719.3
645	Spectrogram 1	1	2368.887876646	2368.952103397	55263.2	68859.6
646	Spectrogram 1	1	2369.038440997	2369.074239514	51315.8	60087.7
647	Spectrogram 1	1	2370.071333510	2370.143983441	53508.8	66228.1
648	Spectrogram 1	1	2370.236635814	2370.253482175	48684.2	57894.7
649	Spectrogram 1	1	2370.369300907	2370.388253063	50000.0	58771.9
650	Spectrogram 1	1	2370.392464653	2370.463008790	69736.8	86403.5
651	Spectrogram 1	1	2370.759925902	2370.813623677	50438.6	60964.9
652	Spectrogram 1	1	2375.358978691	2375.444263394	50438.6	61842.1
653	Spectrogram 1	1	2375.926490482	2375.951760024	51754.4	59649.1
654	Spectrogram 1	1	2377.283675444	2377.350007990	51315.8	63596.5
655	Spectrogram 1	1	2377.123635014	2377.141534273	50438.6	59210.5
656	Spectrogram 1	1	2377.552164321	2377.581645453	49561.4	62719.3
657	Spectrogram 1	1	2377.577433863	2377.585857043	67982.5	81578.9
658	Spectrogram 1	1	2377.804859742	2377.826970591	67543.9	81140.4
659	Spectrogram 1	1	2377.784854688	2377.810124230	50438.6	60526.3
660	Spectrogram 1	1	2378.161792015	2378.196537634	48684.2	62280.7
661	Spectrogram 1	1	2378.192326044	2378.201802122	67105.3	75877.2
662	Spectrogram 1	1	2378.321832444	2378.385006298	50438.6	70614.0
663	Spectrogram 1	1	2379.248382303	2379.293656898	53508.8	59649.1
664	Spectrogram 1	1	2381.894313330	2381.918529973	55701.8	64473.7
665	Spectrogram 1	1	2384.110662594	2384.141196623	53947.4	60526.3
666	Spectrogram 1	1	2385.690008940	2385.704749506	68859.6	76754.4
667	Spectrogram 1	1	2385.697379223	2385.747918306	47807.0	57456.1
668	Spectrogram 1	1	2385.947968843	2385.991137643	71929.8	88157.9
669	Spectrogram 1	1	2385.917434813	2385.955339126	44298.2	68859.6
670	Spectrogram 1	1	2386.060628882	2386.104850579	49561.4	57456.1
671	Spectrogram 1	1	2386.874518702	2386.885047677	67543.9	86842.1
672	Spectrogram 1	1	2386.843984673	2386.859778136	66666.7	78070.2
673	Spectrogram 1	1	2386.828191209	2386.849249160	46052.6	57456.1
674	Spectrogram 1	1	2387.269355153	2387.280937026	68859.6	77631.6
675	Spectrogram 1	1	2387.983219565	2388.052710804	52193.0	65350.9
676	Spectrogram 1	1	2388.135889711	2388.160106355	54386.0	62719.3
677	Spectrogram 1	1	2390.081644274	2390.099543533	70614.0	82894.7
678	Spectrogram 1	1	2391.279841704	2391.338803967	52193.0	61842.1
679	Spectrogram 1	1	2391.648355850	2391.715741294	50000.0	64035.1
680	Spectrogram 1	1	2392.058985905	2392.116895270	51754.4	66228.1
681	Spectrogram 1	1	2393.081349442	2393.130835627	56140.4	70614.0
682	Spectrogram 1	1	2395.617779402	2395.668318485	47807.0	63596.5
683	Spectrogram 1	1	2395.755708983	2395.795719090	52631.6	67982.5
684	Spectrogram 1	1	2396.351645232	2396.403237213	51754.4	58333.3
685	Spectrogram 1	1	2396.497997993	2396.556960256	49561.4	60087.7
686	Spectrogram 1	1	2396.770698461	2396.811761466	64912.3	82894.7
687	Spectrogram 1	1	2396.755957895	2396.775962949	46052.6	62280.7
688	Spectrogram 1	1	2396.919157017	2396.942320763	50000.0	54824.6
689	Spectrogram 1	1	2398.240543321	2398.301611380	51754.4	62719.3
690	Spectrogram 1	1	2398.409006937	2398.420588810	68859.6	76315.8
691	Spectrogram 1	1	2398.393213473	2398.415324322	53508.8	62280.7
692	Spectrogram 1	1	2398.524825669	2398.570100264	53070.2	61842.1
693	Spectrogram 1	1	2400.962348370	2400.987617911	58771.9	67543.9
694	Spectrogram 1	1	2400.314816370	2400.340085912	57456.1	64912.3
695	Spectrogram 1	1	2400.568564682	2400.590675531	50000.0	58333.3
696	Spectrogram 1	1	2404.108405884	2404.137887015	56578.9	63157.9
697	Spectrogram 1	1	2404.228436206	2404.258970235	55263.2	62719.3
698	Spectrogram 1	1	2405.506653850	2405.566669011	53947.4	67982.5
699	Spectrogram 1	1	2406.219465504	2406.297379924	48684.2	61403.5
700	Spectrogram 1	1	2407.627189555	2407.667199662	50000.0	59210.5
701	Spectrogram 1	1	2407.785124189	2407.850403837	52193.0	60964.9
702	Spectrogram 1	1	2409.603478007	2409.624535958	45614.0	60087.7
703	Spectrogram 1	1	2409.623483061	2409.631906241	65789.5	73245.6
704	Spectrogram 1	1	2409.752989461	2409.795105363	53070.2	68421.1
705	Spectrogram 1	1	2409.890919041	2409.911976992	53070.2	67543.9
706	Spectrogram 1	1	2409.907765402	2409.916188582	75000.0	88596.5
707	Spectrogram 1	1	2412.859037001	2412.905364494	55263.2	67982.5
708	Spectrogram 1	1	2413.367586529	2413.402332148	48684.2	59649.1
709	Spectrogram 1	1	2416.353603888	2416.385190815	53070.2	63596.5
710	Spectrogram 1	1	2416.494692161	2416.558918912	55701.8	63596.5
711	Spectrogram 1	1	2416.857941819	2416.910586697	54386.0	66228.1
712	Spectrogram 1	1	2415.922968593	2415.945079442	48684.2	62280.7
713	Spectrogram 1	1	2418.302517091	2418.335156916	50877.2	68421.1
714	Spectrogram 1	1	2419.802896127	2419.861858390	51754.4	66666.7
715	Spectrogram 1	1	2419.948195990	2419.982941610	55263.2	62719.3
716	Spectrogram 1	1	2422.025562608	2422.063466920	50000.0	64035.1
717	Spectrogram 1	1	2423.005810103	2423.045820210	53947.4	64473.7
718	Spectrogram 1	1	2423.435392314	2423.441709699	70175.4	79386.0
719	Spectrogram 1	1	2423.781795611	2423.804959357	50877.2	57017.5
720	Spectrogram 1	1	2424.624113665	2424.657806387	50877.2	65789.5
721	Spectrogram 1	1	2424.755725860	2424.793630172	47807.0	54386.0
722	Spectrogram 1	1	2425.151615343	2425.208471811	49561.4	67982.5
723	Spectrogram 1	1	2429.363205194	2429.385316042	68859.6	82017.5
724	Spectrogram 1	1	2429.500081877	2429.533774598	54386.0	63157.9
725	Spectrogram 1	1	2429.631694072	2429.668545486	49561.4	61842.1
726	Spectrogram 1	1	2429.945457544	2429.990732140	53947.4	62719.3
727	Spectrogram 1	1	2430.078122503	2430.098127557	50438.6	56578.9
728	Spectrogram 1	1	2430.325553430	2430.332923713	69298.2	78070.2
729	Spectrogram 1	1	2430.183412259	2430.192888337	45614.0	58333.3
730	Spectrogram 1	1	2430.292913605	2430.312918659	43859.6	53508.8
731	Spectrogram 1	1	2430.714072629	2430.720390015	60526.3	71491.2
732	Spectrogram 1	1	2430.687750190	2430.707755244	44736.8	57894.7
733	Spectrogram 1	1	2430.935181117	2430.969926736	47807.0	57456.1
734	Spectrogram 1	1	2432.325005909	2432.334481987	64473.7	78947.4
735	Spectrogram 1	1	2432.279731314	2432.294471880	44298.2	56140.4
736	Spectrogram 1	1	2432.545061499	2432.591388991	49122.8	58771.9
737	Spectrogram 1	1	2432.808285889	2432.847243099	54824.6	60964.9
738	Spectrogram 1	1	2434.060181100	2434.066498486	71929.8	82894.7
739	Spectrogram 1	1	2434.032805764	2434.064392691	50000.0	65789.5
740	Spectrogram 1	1	2434.419219168	2434.475022739	48684.2	63596.5
741	Spectrogram 1	1	2434.565571929	2434.597158856	55701.8	65789.5
742	Spectrogram 1	1	2436.142812206	2436.154394079	69736.8	78508.8
743	Spectrogram 1	1	2442.910837065	2442.980328304	46491.2	63157.9
744	Spectrogram 1	1	2443.071930392	2443.107728909	52193.0	61842.1
745	Spectrogram 1	1	2444.265915957	2444.345936172	42543.9	66228.1
746	Spectrogram 1	1	2444.463860698	2444.519664269	51754.4	71052.6
747	Spectrogram 1	1	2446.854990936	2446.913953199	57894.7	67105.3
748	Spectrogram 1	1	2453.389272670	2453.434547265	51315.8	64035.1
749	Spectrogram 1	1	2453.637756501	2453.694612969	50438.6	67105.3
750	Spectrogram 1	1	2455.446634521	2455.480327243	56140.4	67543.9
751	Spectrogram 1	1	2455.709858912	2455.720387887	72807.0	83771.9
752	Spectrogram 1	1	2459.140198767	2459.182314669	55263.2	67105.3
753	Spectrogram 1	1	2460.636366206	2460.656371259	62280.7	74561.4
754	Spectrogram 1	1	2461.083847675	2461.102799831	49122.8	64035.1
755	Spectrogram 1	1	2462.264145846	2462.317843622	48245.6	63157.9
756	Spectrogram 1	1	2462.672670099	2462.695833846	50877.2	61842.1
757	Spectrogram 1	1	2462.785330138	2462.830604733	46491.2	61842.1
758	Spectrogram 1	1	2462.417868890	2462.441032636	47807.0	54824.6
759	Spectrogram 1	1	2464.004585526	2464.064600686	49122.8	63596.5
760	Spectrogram 1	1	2464.163573057	2464.190948394	51315.8	61842.1
761	Spectrogram 1	1	2464.511029252	2464.560515437	46929.8	65350.9
762	Spectrogram 1	1	2466.498899577	2466.547332865	51754.4	66228.1
763	Spectrogram 1	1	2468.326729614	2468.383586082	49122.8	65350.9
764	Spectrogram 1	1	2468.469923682	2468.514145380	53508.8	64473.7
765	Spectrogram 1	1	2471.147442196	2471.205351562	54386.0	67982.5
766	Spectrogram 1	1	2471.512797516	2471.582288755	54386.0	64912.3
767	Spectrogram 1	1	2472.036087603	2472.068727427	47368.4	55263.2
768	Spectrogram 1	1	2473.834436368	2473.874446475	52193.0	66666.7
769	Spectrogram 1	1	2474.067126594	2474.090290341	50000.0	59649.1
770	Spectrogram 1	1	2474.086078751	2474.095554829	69736.8	78070.2
771	Spectrogram 1	1	2474.216638048	2474.222955433	69736.8	78947.4
772	Spectrogram 1	1	2474.183998224	2474.214532253	49561.4	57017.5
773	Spectrogram 1	1	2476.848881967	2476.883627587	56140.4	66666.7
774	Spectrogram 1	1	2480.218153898	2480.261322698	53947.4	65350.9
775	Spectrogram 1	1	2482.233399560	2482.273409667	54824.6	70614.0
776	Spectrogram 1	1	2482.361853062	2482.401863169	54824.6	61842.1
777	Spectrogram 1	1	2482.982009731	2483.013596658	57456.1	71929.8
778	Spectrogram 1	1	2485.005678854	2485.056217937	54824.6	65789.5
779	Spectrogram 1	1	2485.943810586	2485.952233767	76315.8	85526.3
780	Spectrogram 1	1	2486.117538684	2486.167024869	57456.1	64912.3
781	Spectrogram 1	1	2489.290971394	2489.312029345	59210.5	73245.6
782	Spectrogram 1	1	2490.939808986	2490.986136478	39035.1	46929.8
783	Spectrogram 1	1	2494.038486384	2494.103766032	51754.4	67543.9
784	Spectrogram 1	1	2494.192209427	2494.248012998	55263.2	73245.6
785	Spectrogram 1	1	2494.318557135	2494.348038266	49122.8	64912.3
786	Spectrogram 1	1	2494.557564881	2494.565988061	68421.1	78947.4
787	Spectrogram 1	1	2494.547035905	2494.561776471	49561.4	60087.7
788	Spectrogram 1	1	2494.782884825	2494.816577547	51315.8	59649.1
789	Spectrogram 1	1	2496.625455287	2496.662306701	56578.9	64473.7
790	Spectrogram 1	1	2498.742832293	2498.802847454	52631.6	62280.7
791	Spectrogram 1	1	2503.247127665	2503.256603743	75438.6	88596.5
792	Spectrogram 1	1	2504.305289719	2504.349511417	50000.0	58771.9
793	Spectrogram 1	1	2504.676962558	2504.686438636	79386.0	86403.5
794	Spectrogram 1	1	2504.660116197	2504.680121251	54386.0	65789.5
795	Spectrogram 1	1	2505.469794427	2505.526650895	51315.8	67543.9
796	Spectrogram 1	1	2506.385815311	2506.404767467	46929.8	54824.6
797	Spectrogram 1	1	2508.182058420	2508.247338069	53947.4	67543.9
798	Spectrogram 1	1	2508.325252489	2508.345257542	50438.6	61403.5
799	Spectrogram 1	1	2508.341045952	2508.359998108	68859.6	78947.4
800	Spectrogram 1	1	2508.538990693	2508.582159493	49561.4	64912.3
801	Spectrogram 1	1	2509.702442229	2509.725605976	46491.2	57017.5
802	Spectrogram 1	1	2509.722447283	2509.729817566	64473.7	71929.8
803	Spectrogram 1	1	2510.019364395	2510.075167966	55701.8	69298.2
804	Spectrogram 1	1	2513.829800409	2513.874022107	47368.4	68421.1
805	Spectrogram 1	1	2513.980364761	2514.050908897	45614.0	53947.4
806	Spectrogram 1	1	2514.124611726	2514.165674731	49561.4	54386.0
807	Spectrogram 1	1	2514.366778171	2514.383624532	45175.4	54824.6
808	Spectrogram 1	1	2515.216466502	2515.268058483	48245.6	64473.7
809	Spectrogram 1	1	2516.994810213	2517.047455091	53070.2	65350.9
810	Spectrogram 1	1	2517.246452596	2517.255928674	73245.6	82894.7
811	Spectrogram 1	1	2517.223288850	2517.249611289	49122.8	62719.3
812	Spectrogram 1	1	2517.724468089	2517.775007171	50877.2	64035.1
813	Spectrogram 1	1	2518.735249612	2518.744725690	67543.9	72368.4
814	Spectrogram 1	1	2518.719456149	2518.778418412	47368.4	67105.3
815	Spectrogram 1	1	2518.988997924	2519.051118880	52193.0	64473.7
816	Spectrogram 1	1	2526.121325485	2526.161335593	53070.2	67543.9
817	Spectrogram 1	1	2526.245567397	2526.295053583	48684.2	60964.9
818	Spectrogram 1	1	2529.810676742	2529.827523103	60964.9	67105.3
819	Spectrogram 1	1	2530.069689542	2530.102329366	53508.8	61842.1
820	Spectrogram 1	1	2530.373976937	2530.462420332	53070.2	59210.5
821	Spectrogram 1	1	2532.223917962	2532.263928070	53070.2	58771.9
822	Spectrogram 1	1	2533.595843355	2533.605319433	70614.0	82456.1
823	Spectrogram 1	1	2534.048589306	2534.108604467	46929.8	64473.7
824	Spectrogram 1	1	2534.300231823	2534.346559316	51754.4	69736.8
825	Spectrogram 1	1	2535.412087638	2535.459468028	50000.0	61403.5
826	Spectrogram 1	1	2537.982210461	2538.006427105	57456.1	62719.3
827	Spectrogram 1	1	2538.215953719	2538.261228314	55701.8	61842.1
828	Spectrogram 1	1	2538.087500217	2538.100134988	56140.4	62719.3
829	Spectrogram 1	1	2539.395198993	2539.409939559	74122.8	89473.7
830	Spectrogram 1	1	2539.298332417	2539.336236729	54386.0	66228.1
831	Spectrogram 1	1	2540.186977964	2540.216459096	58333.3	70175.4
832	Spectrogram 1	1	2541.520999039	2541.576802609	53070.2	66228.1
833	Spectrogram 1	1	2542.379110416	2542.420173421	57456.1	68421.1
834	Spectrogram 1	1	2543.016113306	2543.076128467	56140.4	61842.1
835	Spectrogram 1	1	2543.155095784	2543.190894301	57017.5	68421.1
836	Spectrogram 1	1	2546.773904583	2546.791803841	49911.7	56537.1
837	Spectrogram 1	1	2546.803385715	2546.811808895	70229.7	79063.6
838	Spectrogram 1	1	2546.941315295	2546.960267451	70671.4	85689.0
839	Spectrogram 1	1	2546.907622573	2546.943421090	48144.9	65371.0
840	Spectrogram 1	1	2547.065557207	2547.112937597	48144.9	57862.2
841	Spectrogram 1	1	2547.207698378	2547.243496895	47261.5	56537.1
842	Spectrogram 1	1	2547.360368524	2547.388796758	49470.0	62279.2
843	Spectrogram 1	1	2547.503562598	2547.520408959	52120.1	58303.9
844	Spectrogram 1	1	2548.139512725	2548.159517778	45053.0	57420.5
845	Spectrogram 1	1	2548.152147495	2548.160570676	67137.8	75971.7
846	Spectrogram 1	1	2548.314293720	2548.369044393	52561.8	63604.2
847	Spectrogram 1	1	2548.473281117	2548.506973839	68462.9	88780.9
848	Spectrogram 1	1	2548.455381859	2548.471175322	55653.7	68904.6
849	Spectrogram 1	1	2548.609104902	2548.649115010	67579.5	87455.8
850	Spectrogram 1	1	2548.736505507	2548.792309078	51678.4	55653.7
851	Spectrogram 1	1	2549.567241548	2549.616727733	48586.6	61395.8
852	Spectrogram 1	1	2549.722017489	2549.759921802	53886.9	66696.1
853	Spectrogram 1	1	2550.474839111	2550.496949960	53886.9	60512.4
854	Spectrogram 1	1	2551.123424008	2551.150799345	54328.6	66254.4
855	Spectrogram 1	1	2551.272935468	2551.292940521	54328.6	63162.5
856	Spectrogram 1	1	2551.821495097	2551.860452306	69346.3	84364.0
857	Spectrogram 1	1	2551.941525418	2552.044709379	46819.8	62720.8
858	Spectrogram 1	1	2553.847270015	2553.888333020	56978.8	67137.8
859	Spectrogram 1	1	2554.228418938	2554.278958021	55653.7	64487.6
860	Spectrogram 1	1	2554.099965435	2554.109441513	67137.8	77738.5
861	Spectrogram 1	1	2554.741180049	2554.749603230	73763.3	84805.7
862	Spectrogram 1	1	2556.386858808	2556.442662379	55653.7	67579.5
863	Spectrogram 1	1	2557.107040605	2557.143892020	58745.6	67579.5
864	Spectrogram 1	1	2558.948558170	2559.010679126	52120.1	62279.2
865	Spectrogram 1	1	2559.326548394	2559.368664296	63162.5	83038.9
866	Spectrogram 1	1	2559.312860726	2559.331812882	49028.3	61837.5
867	Spectrogram 1	1	2559.460266384	2559.516069955	47703.2	60512.4
868	Spectrogram 1	1	2562.704243792	2562.742148104	54770.3	72879.9
869	Spectrogram 1	1	2562.573684494	2562.622117782	50353.4	59629.0
870	Spectrogram 1	1	2562.839014680	2562.866390016	48144.9	65371.0
871	Spectrogram 1	1	2564.253051551	2564.284638478	66254.4	80830.4
872	Spectrogram 1	1	2564.609983824	2564.666840292	49028.3	66254.4
873	Spectrogram 1	1	2566.116680238	2566.152478755	54770.3	70671.4
874	Spectrogram 1	1	2565.470201136	2565.489153293	68904.6	79505.3
875	Spectrogram 1	1	2567.016907518	2567.066393704	56095.4	68904.6
876	Spectrogram 1	1	2568.788933844	2568.817362078	56095.4	64045.9
877	Spectrogram 1	1	2569.312223797	2569.337493339	53445.2	66254.4
878	Spectrogram 1	1	2569.959755797	2569.994501416	57420.5	70229.7
879	Spectrogram 1	1	2570.893675939	2570.942109227	56537.1	71996.5
880	Spectrogram 1	1	2571.014759164	2571.031605525	54770.3	58745.6
881	Spectrogram 1	1	2571.232708959	2571.242185037	69346.3	75971.7
882	Spectrogram 1	1	2571.866553297	2571.898140224	53445.2	61395.8
883	Spectrogram 1	1	2571.995006799	2572.019223443	53886.9	60070.7
884	Spectrogram 1	1	2572.268760165	2572.324563735	55653.7	65812.7
885	Spectrogram 1	1	2575.445351708	2575.504313971	57420.5	64929.3
886	Spectrogram 1	1	2576.860445917	2576.887821253	59629.0	67137.8
887	Spectrogram 1	1	2577.606950293	2577.648013298	55212.0	61837.5
888	Spectrogram 1	1	2577.740668283	2577.773308107	56537.1	66254.4
889	Spectrogram 1	1	2583.540027801	2583.595831372	56978.8	79063.6
890	Spectrogram 1	1	2583.671639996	2583.692697947	45053.0	54770.3
891	Spectrogram 1	1	2583.879060816	2583.905383255	44611.3	58745.6
892	Spectrogram 1	1	2583.904330357	2583.931705694	68904.6	82597.2
893	Spectrogram 1	1	2584.121227120	2584.164395920	49028.3	60954.1
894	Spectrogram 1	1	2584.739277988	2584.768759120	51236.7	62720.8
895	Spectrogram 1	1	2586.258609180	2586.318624341	53886.9	69346.3
896	Spectrogram 1	1	2588.122237874	2588.144348723	54328.6	64045.9
897	Spectrogram 1	1	2588.233845015	2588.261220352	56095.4	65812.7
898	Spectrogram 1	1	2588.349663747	2588.364404313	58745.6	64929.3
899	Spectrogram 1	1	2589.796344726	2589.862677273	55212.0	65371.0
900	Spectrogram 1	1	2589.934274307	2589.987972082	55653.7	63604.2
901	Spectrogram 1	1	2590.290153682	2590.323846404	54328.6	61395.8
902	Spectrogram 1	1	2592.480180345	2592.524402043	52561.8	61837.5
903	Spectrogram 1	1	2592.632850492	2592.648643955	67137.8	77296.8
904	Spectrogram 1	1	2592.753933711	2592.818160462	49911.7	62279.2
905	Spectrogram 1	1	2592.899233574	2592.918185730	54328.6	61837.5
906	Spectrogram 1	1	2592.927661808	2592.938190784	73763.3	83480.6
907	Spectrogram 1	1	2593.027687077	2593.042427642	45936.4	53003.5
908	Spectrogram 1	1	2593.130871037	2593.149823194	47703.2	56537.1
909	Spectrogram 1	1	2595.281940771	2595.334585649	55212.0	65812.7
910	Spectrogram 1	1	2597.342461029	2597.351937107	73321.6	83922.3
911	Spectrogram 1	1	2597.951035818	2597.960511896	71996.5	82597.2
912	Spectrogram 1	1	2598.094229753	2598.137398552	56978.8	62720.8
913	Spectrogram 1	1	2598.204783996	2598.237423821	52561.8	64487.6
914	Spectrogram 1	1	2599.211353930	2599.221882905	76855.1	85247.3
915	Spectrogram 1	1	2599.435621110	2599.459837754	57420.5	63162.5
916	Spectrogram 1	1	2600.871773395	2600.899148731	49470.0	56095.4
917	Spectrogram 1	1	2601.344524399	2601.411909843	45936.4	58745.6
918	Spectrogram 1	1	2601.496141648	2601.523516984	55653.7	71113.1
919	Spectrogram 1	1	2602.283709029	2602.312137263	53886.9	62720.8
920	Spectrogram 1	1	2604.206299846	2604.226304900	56537.1	67579.5
921	Spectrogram 1	1	2608.469481677	2608.517914965	50353.4	64929.3
922	Spectrogram 1	1	2609.700318931	2609.801397097	48144.9	63604.2
923	Spectrogram 1	1	2611.962995660	2612.011428948	57862.2	65812.7
924	Spectrogram 1	1	2611.600798900	2611.611327875	74646.6	81713.8
925	Spectrogram 1	1	2612.224114121	2612.233590199	61395.8	68021.2
926	Spectrogram 1	1	2612.362043702	2612.367308189	69788.0	84805.7
927	Spectrogram 1	1	2612.336774160	2612.366255292	53445.2	64487.6
928	Spectrogram 1	1	2612.940084462	2612.961142413	69788.0	84805.7
929	Spectrogram 1	1	2613.988770298	2614.027727508	66254.4	88780.9
930	Spectrogram 1	1	2614.726851354	2614.742644817	69788.0	80388.7
931	Spectrogram 1	1	2614.836352700	2614.864780934	55653.7	64929.3
932	Spectrogram 1	1	2615.912414019	2615.964005999	58745.6	68904.6
933	Spectrogram 1	1	2622.619371100	2622.654116719	55653.7	65812.7
934	Spectrogram 1	1	2622.975250475	2622.984726553	73763.3	84805.7
935	Spectrogram 1	1	2626.131837239	2626.148683600	54770.3	60954.1
936	Spectrogram 1	1	2626.147630702	2626.173953141	39752.7	42844.5
937	Spectrogram 1	1	2627.411107506	2627.455329204	49470.0	57862.2
938	Spectrogram 1	1	2627.792256423	2627.840689711	64487.6	84364.0
939	Spectrogram 1	1	2627.782780345	2627.797520911	47261.5	59629.0
940	Spectrogram 1	1	2627.918604130	2627.967037418	45936.4	61837.5
941	Spectrogram 1	1	2629.397925074	2629.447411260	55653.7	67579.5
942	Spectrogram 1	1	2629.259995494	2629.314746167	47261.5	62279.2
943	Spectrogram 1	1	2631.284717515	2631.364737729	49470.0	63604.2
944	Spectrogram 1	1	2634.186502928	2634.237042011	58303.9	67137.8
945	Spectrogram 1	1	2635.349954598	2635.394176296	55653.7	63604.2
946	Spectrogram 1	1	2636.822958157	2636.846121904	57862.2	68462.9
947	Spectrogram 1	1	2638.887690285	2638.929806187	56095.4	66254.4
948	Spectrogram 1	1	2639.603660632	2639.611030915	68462.9	80388.7
949	Spectrogram 1	1	2640.237504963	2640.266986095	70671.4	83038.9
950	Spectrogram 1	1	2639.962698700	2639.969016086	71554.8	83480.6
951	Spectrogram 1	1	2639.586814271	2639.608925120	49028.3	62279.2
952	Spectrogram 1	1	2640.360693844	2640.413338722	53886.9	58745.6
953	Spectrogram 1	1	2640.917676653	2640.976638917	51236.7	64487.6
954	Spectrogram 1	1	2640.209076595	2640.241716420	49470.0	64045.9
955	Spectrogram 1	1	2641.207223348	2641.243021865	57862.2	62279.2
956	Spectrogram 1	1	2642.572831350	2642.593889301	63604.2	71554.8
957	Spectrogram 1	1	2643.050846708	2643.088751020	51236.7	60512.4
958	Spectrogram 1	1	2643.445683293	2643.485693400	53445.2	66696.1
959	Spectrogram 1	1	2644.579653972	2644.612293796	56095.4	70229.7
960	Spectrogram 1	1	2645.425130719	2645.458823440	48586.6	58745.6
961	Spectrogram 1	1	2645.610440689	2645.662032670	56537.1	66254.4
962	Spectrogram 1	1	2645.854712929	2645.887352754	57420.5	64487.6
963	Spectrogram 1	1	2647.315081851	2647.327716622	68904.6	79947.0
964	Spectrogram 1	1	2647.458275920	2647.505656310	53003.5	66696.1
965	Spectrogram 1	1	2647.685701793	2647.722553207	53445.2	62720.8
966	Spectrogram 1	1	2648.700694773	2648.716488236	75530.0	82155.5
967	Spectrogram 1	1	2649.309269562	2649.373496313	57862.2	65371.0
968	Spectrogram 1	1	2649.573546850	2649.581970030	70671.4	83922.3
969	Spectrogram 1	1	2651.256077023	2651.306616106	56537.1	71554.8
970	Spectrogram 1	1	2653.368189547	2653.392406191	61837.5	67137.8
971	Spectrogram 1	1	2653.509277821	2653.551393723	55653.7	69346.3
972	Spectrogram 1	1	2654.957011972	2655.018080030	53445.2	69346.3
973	Spectrogram 1	1	2655.115999369	2655.149692091	53003.5	59629.0
974	Spectrogram 1	1	2655.386594042	2655.419233867	55653.7	64045.9
975	Spectrogram 1	1	2656.004644910	2656.024649964	46378.1	56537.1
976	Spectrogram 1	1	2656.184687470	2656.242596835	54770.3	71113.1
977	Spectrogram 1	1	2657.199680724	2657.240743729	56095.4	66254.4
978	Spectrogram 1	1	2658.316805041	2658.362079636	56095.4	65371.0
979	Spectrogram 1	1	2659.835083335	2659.868776057	55653.7	61837.5
980	Spectrogram 1	1	2660.870081503	2660.907985815	53445.2	65371.0
981	Spectrogram 1	1	2661.494445706	2661.521821043	51678.4	62279.2
982	Spectrogram 1	1	2661.517609453	2661.527085531	69788.0	82155.5
983	Spectrogram 1	1	2661.740823735	2661.771357765	48586.6	67137.8
984	Spectrogram 1	1	2661.957720633	2662.000889433	55653.7	74204.9
985	Spectrogram 1	1	2662.830572576	2662.851630527	67579.5	82155.5
986	Spectrogram 1	1	2662.823202293	2662.836889961	51678.4	61395.8
987	Spectrogram 1	1	2661.998783497	2662.035634912	75530.0	89664.3
988	Spectrogram 1	1	2662.950602758	2663.022199792	47703.2	65812.7
989	Spectrogram 1	1	2663.126436650	2663.154864884	57420.5	68904.6
990	Spectrogram 1	1	2663.153811987	2663.162235167	77738.5	86130.7
991	Spectrogram 1	1	2663.381237860	2663.391766835	72879.9	84805.7
992	Spectrogram 1	1	2663.349650933	2663.381237860	53445.2	63162.5
993	Spectrogram 1	1	2665.109042768	2665.162740544	59629.0	71554.8
994	Spectrogram 1	1	2665.240654963	2665.285929558	53886.9	65371.0
995	Spectrogram 1	1	2667.308545790	2667.339079819	50353.4	62279.2
996	Spectrogram 1	1	2667.527548483	2667.577034668	47703.2	64487.6
997	Spectrogram 1	1	2667.688641809	2667.699170785	70229.7	80830.4
998	Spectrogram 1	1	2667.802354465	2667.821306621	56537.1	61395.8
999	Spectrogram 1	1	2667.669689373	2667.689694426	49028.3	60512.4
1000	Spectrogram 1	1	2668.011880946	2668.019251229	71554.8	80388.7
1001	Spectrogram 1	1	2668.617297043	2668.657307150	54328.6	60070.7
1002	Spectrogram 1	1	2669.379594742	2669.444874391	49911.7	65812.7
1003	Spectrogram 1	1	2669.266934704	2669.287992655	69346.3	85247.3
1004	Spectrogram 1	1	2671.757037165	2671.806523350	56537.1	68904.6
1005	Spectrogram 1	1	2671.881279084	2671.919183396	57420.5	64487.6
1006	Spectrogram 1	1	2672.694116000	2672.724650029	59187.3	67579.5
1007	Spectrogram 1	1	2673.164761216	2673.174237294	77738.5	87455.8
1008	Spectrogram 1	1	2673.155285137	2673.167919908	55212.0	64045.9
1009	Spectrogram 1	1	2673.530116669	2673.546963030	67137.8	77296.8
1010	Spectrogram 1	1	2673.854409124	2673.909159797	56095.4	66254.4
1011	Spectrogram 1	1	2676.181312463	2676.202370415	55212.0	66254.4
1012	Spectrogram 1	1	2678.230250988	2678.288160354	50795.1	64487.6
1013	Spectrogram 1	1	2677.952286032	2678.000719320	49470.0	65812.7
1014	Spectrogram 1	1	2679.190490146	2679.209442302	64487.6	81713.8
1015	Spectrogram 1	1	2679.321049443	2679.368429833	50353.4	64487.6
1016	Spectrogram 1	1	2679.158903219	2679.194701736	48144.9	65812.7
1017	Spectrogram 1	1	2679.842233735	2679.884349638	56095.4	65371.0
1018	Spectrogram 1	1	2681.092020253	2681.136241950	56978.8	68462.9
1019	Spectrogram 1	1	2682.873522937	2682.915638839	56095.4	69788.0
1020	Spectrogram 1	1	2682.746122332	2682.753492615	75530.0	83922.3
1021	Spectrogram 1	1	2684.130682630	2684.190697791	49911.7	61395.8
1022	Spectrogram 1	1	2684.312833908	2684.319151293	72879.9	84805.7
1023	Spectrogram 1	1	2684.286511469	2684.318098396	53886.9	65371.0
1024	Spectrogram 1	1	2685.047756411	2685.090925211	59187.3	68462.9
1025	Spectrogram 1	1	2685.175157016	2685.208849738	58303.9	74204.9
1026	Spectrogram 1	1	2687.546281919	2687.605244182	53445.2	66696.1
1027	Spectrogram 1	1	2687.840040338	2687.908478680	56095.4	68904.6
1028	Spectrogram 1	1	2688.155909606	2688.172755967	71996.5	88339.2
1029	Spectrogram 1	1	2688.389652865	2688.430715870	49028.3	56978.8
1030	Spectrogram 1	1	2689.238288304	2689.263557846	49911.7	59629.0
1031	Spectrogram 1	1	2689.483613442	2689.532046730	50795.1	61395.8
1032	Spectrogram 1	1	2689.647865462	2689.678399491	56978.8	65371.0
1033	Spectrogram 1	1	2689.858444974	2689.892137696	54328.6	62279.2
1034	Spectrogram 1	1	2691.129292335	2691.167196647	55653.7	66254.4
1035	Spectrogram 1	1	2694.205858610	2694.246921615	58303.9	67137.8
1036	Spectrogram 1	1	2694.980791214	2695.033436092	56537.1	68462.9
1037	Spectrogram 1	1	2696.558031491	2696.592777111	56095.4	64929.3
1038	Spectrogram 1	1	2696.940233312	2696.989719497	55653.7	63604.2
1039	Spectrogram 1	1	2697.068686814	2697.104485331	55212.0	62279.2
1040	Spectrogram 1	1	2700.129459773	2700.147359031	61837.5	68904.6
1041	Spectrogram 1	1	2700.163152495	2700.174734368	55212.0	68462.9
1042	Spectrogram 1	1	2700.143147441	2700.192633626	47261.5	50353.4
1043	Spectrogram 1	1	2701.292911589	2701.332921696	49028.3	63162.5
1044	Spectrogram 1	1	2701.930967510	2701.964660232	57420.5	64045.9
1045	Spectrogram 1	1	2702.069949988	2702.101536915	55212.0	65371.0
1046	Spectrogram 1	1	2702.198403497	2702.217355653	55653.7	66254.4
1047	Spectrogram 1	1	2702.209985370	2702.216302756	76413.4	82597.2
1048	Spectrogram 1	1	2702.304746151	2702.324751204	48144.9	60512.4
1049	Spectrogram 1	1	2702.412141702	2702.436358346	47703.2	59629.0
1050	Spectrogram 1	1	2702.649043653	2702.682736375	51678.4	60954.1
1051	Spectrogram 1	1	2702.777497155	2702.797502209	47261.5	56978.8
1052	Spectrogram 1	1	2703.033351262	2703.053356316	49911.7	59187.3
1053	Spectrogram 1	1	2703.051250387	2703.059673567	65812.7	76855.1
1054	Spectrogram 1	1	2703.179703889	2703.231295869	49470.0	60512.4
1055	Spectrogram 1	1	2703.306051596	2703.360802269	50353.4	63604.2
1056	Spectrogram 1	1	2703.441875381	2703.461880435	56978.8	70671.4
1057	Spectrogram 1	1	2704.794848612	2704.853810876	53003.5	67579.5
1058	Spectrogram 1	1	2705.069654741	2705.103347463	53886.9	61837.5
1059	Spectrogram 1	1	2706.199413830	2706.244688425	55653.7	68904.6
1060	Spectrogram 1	1	2706.552134512	2706.599514902	58745.6	64487.6
1061	Spectrogram 1	1	2706.897484918	2706.931177640	53886.9	65812.7
1062	Spectrogram 1	1	2707.144915845	2707.172291181	56095.4	65812.7
