Selection	View	Channel	Begin Time (s)	End Time (s)	Begin File	Low Freq (Hz)	High Freq (Hz)	type	subtype
1	Spectrogram 1	1	227.297700000	227.344300000	T0000015 sinmarcas.wav	41884.817	56282.723	50	NA
2	Spectrogram 1	1	236.568000000	236.591600000	T0000015 sinmarcas.wav	64285.714	79591.837	50	NA
3	Spectrogram 1	1	250.176500000	250.206200000	T0000015 sinmarcas.wav	52040.816	56122.449	50	NA
4	Spectrogram 1	1	254.892000000	254.927800000	T0000015 sinmarcas.wav	49625.468	59456.929	50	NA
5	Spectrogram 1	1	260.878945955	260.901800000	T0000015 sinmarcas.wav	47752.809	53838.951	50	NA
6	Spectrogram 1	1	261.536968328	261.601200000	T0000015 sinmarcas.wav	52902.622	58052.434	50	NA
7	Spectrogram 1	1	279.551626612	279.593900000	T0000015 sinmarcas.wav	63670.412	79588.015	50	NA
8	Spectrogram 1	1	279.693800000	279.752906920	T0000015 sinmarcas.wav	47752.809	60393.258	50	NA
9	Spectrogram 1	1	478.933739261	478.963713476	T0000015 sinmarcas.wav	51498.127	58988.764	50	NA
10	Spectrogram 1	1	489.883100000	489.916900000	T0000015 sinmarcas.wav	49625.468	56647.940	50	NA
11	Spectrogram 1	1	525.615600000	525.663200000	T0000015 sinmarcas.wav	63670.412	87078.652	50	NA
12	Spectrogram 1	1	547.270600000	547.318700000	T0000015 sinmarcas.wav	67883.895	81460.674	50	NA
13	Spectrogram 1	1	547.405800000	547.427389608	T0000015 sinmarcas.wav	48689.139	53838.951	50	NA
14	Spectrogram 1	1	561.823630432	561.859760739	T0000015 sinmarcas.wav	43071.161	58520.599	50	NA
15	Spectrogram 1	1	564.785100000	564.821022165	T0000015 sinmarcas.wav	48220.974	54307.116	50	NA
16	Spectrogram 1	1	600.647100000	600.680400000	T0000015 sinmarcas.wav	45411.985	55711.610	50	NA
17	Spectrogram 1	1	613.667300000	613.702100000	T0000015 sinmarcas.wav	51966.292	56179.775	50	NA
18	Spectrogram 1	1	643.969313963	644.011385757	T0000015 sinmarcas.wav	53370.787	56647.940	50	NA
19	Spectrogram 1	1	648.432100000	648.448003005	T0000015 sinmarcas.wav	51498.127	57116.105	50	NA
20	Spectrogram 1	1	838.812681027	838.826400000	T0000015 sinmarcas.wav	50561.798	55711.610	50	NA
21	Spectrogram 1	1	842.786593080	842.831900000	T0000015 sinmarcas.wav	66947.566	81928.839	50	NA
22	Spectrogram 1	1	852.646491310	852.672908690	T0000015 sinmarcas.wav	63202.247	78183.521	50	NA
23	Spectrogram 1	1	869.272772197	869.310014874	T0000015 sinmarcas.wav	51498.127	60861.423	50	NA
24	Spectrogram 1	1	924.328237748	924.374500000	T0000015 sinmarcas.wav	68352.060	88483.146	50	NA
25	Spectrogram 1	1	931.350500000	931.365927207	T0000015 sinmarcas.wav	53370.787	62265.918	50	NA
26	Spectrogram 1	1	946.611663715	946.666500000	T0000015 sinmarcas.wav	52902.622	59925.094	50	NA
27	Spectrogram 1	1	961.020889400	961.038810739	T0000015 sinmarcas.wav	51966.292	77247.191	50	NA
28	Spectrogram 1	1	967.724000000	967.752431622	T0000015 sinmarcas.wav	58520.599	74906.367	50	NA
29	Spectrogram 1	1	970.027000000	970.055600000	T0000015 sinmarcas.wav	67883.895	84269.663	50	NA
30	Spectrogram 1	1	970.234146875	970.248940608	T0000015 sinmarcas.wav	52434.457	57584.270	50	NA
31	Spectrogram 1	1	971.639200000	971.678200000	T0000015 sinmarcas.wav	71629.213	85205.993	50	NA
32	Spectrogram 1	1	973.776472793	973.788600000	T0000015 sinmarcas.wav	69288.390	77247.191	50	NA
33	Spectrogram 1	1	983.571693080	983.609394271	T0000015 sinmarcas.wav	68820.225	86142.322	50	NA
34	Spectrogram 1	1	989.896100000	989.920200000	T0000015 sinmarcas.wav	54775.281	62265.918	50	NA
35	Spectrogram 1	1	996.583439261	996.600718973	T0000015 sinmarcas.wav	53370.787	60861.423	50	NA
36	Spectrogram 1	1	1013.508600000	1013.522593676	T0000015 sinmarcas.wav	52902.622	61329.588	50	NA
37	Spectrogram 1	1	1014.333169191	1014.349300000	T0000015 sinmarcas.wav	70692.884	79119.850	50	NA
38	Spectrogram 1	1	1024.612518378	1024.651189088	T0000015 sinmarcas.wav	75374.532	88014.981	50	NA
39	Spectrogram 1	1	1025.362900000	1025.380680133	T0000015 sinmarcas.wav	68820.225	80524.345	50	NA
40	Spectrogram 1	1	1031.074700000	1031.097200000	T0000015 sinmarcas.wav	53370.787	62734.082	50	NA
41	Spectrogram 1	1	1032.148876612	1032.177100000	T0000015 sinmarcas.wav	65543.071	76779.026	50	NA
42	Spectrogram 1	1	1032.367500000	1032.402300000	T0000015 sinmarcas.wav	52434.457	57584.270	50	NA
43	Spectrogram 1	1	1033.350500000	1033.390000000	T0000015 sinmarcas.wav	53370.787	58052.434	50	NA
44	Spectrogram 1	1	1035.195800000	1035.216531909	T0000015 sinmarcas.wav	53370.787	61797.753	50	NA
45	Spectrogram 1	1	1042.775000000	1042.821694271	T0000015 sinmarcas.wav	53370.787	58988.764	50	NA
46	Spectrogram 1	1	1044.822500000	1044.860300000	T0000015 sinmarcas.wav	66479.401	87546.816	50	NA
47	Spectrogram 1	1	1045.062600000	1045.113200000	T0000015 sinmarcas.wav	54775.281	60861.423	50	NA
48	Spectrogram 1	1	1046.947700000	1046.986200000	T0000015 sinmarcas.wav	64138.577	76779.026	50	NA
49	Spectrogram 1	1	1049.509800000	1049.542215385	T0000015 sinmarcas.wav	51029.963	58520.599	50	NA
50	Spectrogram 1	1	1063.320992832	1063.370200000	T0000015 sinmarcas.wav	65074.906	83801.498	50	NA
51	Spectrogram 1	1	1072.379800000	1072.401275214	T0000015 sinmarcas.wav	50561.798	55711.610	50	NA
52	Spectrogram 1	1	1073.663068378	1073.701200000	T0000015 sinmarcas.wav	66947.566	82397.004	50	NA
53	Spectrogram 1	1	1073.899285054	1073.917551413	T0000015 sinmarcas.wav	63670.412	71161.049	50	NA
54	Spectrogram 1	1	1085.569618378	1085.601100000	T0000015 sinmarcas.wav	63202.247	76779.026	50	NA
55	Spectrogram 1	1	1085.714800000	1085.745557267	T0000015 sinmarcas.wav	51029.963	58520.599	50	NA
56	Spectrogram 1	1	1097.026668378	1097.053373388	T0000015 sinmarcas.wav	71161.049	80056.180	50	NA
57	Spectrogram 1	1	1106.722123615	1106.771788289	T0000015 sinmarcas.wav	50561.798	58052.434	50	NA
58	Spectrogram 1	1	1108.923339261	1108.948473388	T0000015 sinmarcas.wav	51966.292	57584.270	50	NA
59	Spectrogram 1	1	1112.509800000	1112.543200000	T0000015 sinmarcas.wav	55243.446	61797.753	50	NA
60	Spectrogram 1	1	1112.716700000	1112.753492584	T0000015 sinmarcas.wav	51966.292	60861.423	50	NA
61	Spectrogram 1	1	1118.593034615	1118.619100000	T0000015 sinmarcas.wav	67883.895	82865.169	50	NA
62	Spectrogram 1	1	1120.938900000	1120.959400000	T0000015 sinmarcas.wav	64138.577	75374.532	50	NA
63	Spectrogram 1	1	1129.810900000	1129.843100000	T0000015 sinmarcas.wav	61329.588	82865.169	50	NA
64	Spectrogram 1	1	1130.696600000	1130.748398861	T0000015 sinmarcas.wav	46348.315	52902.622	50	NA
65	Spectrogram 1	1	1139.582800000	1139.617100000	T0000015 sinmarcas.wav	63670.412	81928.839	50	NA
66	Spectrogram 1	1	1141.282372793	1141.304624305	T0000015 sinmarcas.wav	58728.448	67349.138	50	NA
67	Spectrogram 1	1	1142.557600000	1142.596000000	T0000015 sinmarcas.wav	50107.759	53879.310	50	NA
68	Spectrogram 1	1	1143.033800000	1143.080400000	T0000015 sinmarcas.wav	60344.828	71659.483	50	NA
69	Spectrogram 1	1	1143.253065103	1143.297049826	T0000015 sinmarcas.wav	45258.621	53340.517	50	NA
70	Spectrogram 1	1	1143.705313963	1143.746156920	T0000015 sinmarcas.wav	61961.207	71120.690	50	NA
71	Spectrogram 1	1	1144.231559747	1144.272402703	T0000015 sinmarcas.wav	59806.034	71659.483	50	NA
72	Spectrogram 1	1	1144.686000000	1144.733806920	T0000015 sinmarcas.wav	59267.241	73275.862	50	NA
73	Spectrogram 1	1	1144.928596404	1144.957300000	T0000015 sinmarcas.wav	0.000	125000.000	50	NA
74	Spectrogram 1	1	1150.832600000	1150.869184350	T0000015 sinmarcas.wav	51724.138	59806.034	50	NA
75	Spectrogram 1	1	1150.965600000	1151.005851165	T0000015 sinmarcas.wav	66271.552	84051.724	50	NA
76	Spectrogram 1	1	1158.041476017	1158.107000000	T0000015 sinmarcas.wav	44719.828	52801.724	50	NA
77	Spectrogram 1	1	1160.176226143	1160.216500000	T0000015 sinmarcas.wav	63577.586	77047.414	50	NA
78	Spectrogram 1	1	1162.496164559	1162.511300000	T0000015 sinmarcas.wav	70043.103	80280.172	50	NA
79	Spectrogram 1	1	1169.062800000	1169.113000000	T0000015 sinmarcas.wav	48491.379	61422.414	50	NA
80	Spectrogram 1	1	1170.942800000	1170.975860739	T0000015 sinmarcas.wav	54956.897	70043.103	50	NA
81	Spectrogram 1	1	1175.732600000	1175.780063909	T0000015 sinmarcas.wav	48491.379	63577.586	50	NA
82	Spectrogram 1	1	1178.705800000	1178.722760806	T0000015 sinmarcas.wav	63577.586	75969.828	50	NA
83	Spectrogram 1	1	1182.442900000	1182.481300000	T0000015 sinmarcas.wav	47413.793	58728.448	50	NA
84	Spectrogram 1	1	1182.664600000	1182.693300000	T0000015 sinmarcas.wav	66810.345	79202.586	50	NA
85	Spectrogram 1	1	1182.878600000	1182.920633595	T0000015 sinmarcas.wav	64116.379	80280.172	50	NA
86	Spectrogram 1	1	1186.043800000	1186.095000000	T0000015 sinmarcas.wav	64116.379	79202.586	50	NA
87	Spectrogram 1	1	1186.184600000	1186.237400000	T0000015 sinmarcas.wav	47952.586	53340.517	50	NA
88	Spectrogram 1	1	1190.839700000	1190.875852505	T0000015 sinmarcas.wav	52801.724	58728.448	50	NA
89	Spectrogram 1	1	1200.720800000	1200.746589856	T0000015 sinmarcas.wav	54956.897	62500.000	50	NA
90	Spectrogram 1	1	1209.566600000	1209.592200000	T0000015 sinmarcas.wav	52262.931	62500.000	50	NA
91	Spectrogram 1	1	1211.871691146	1211.897897893	T0000015 sinmarcas.wav	51724.138	57112.069	50	NA
92	Spectrogram 1	1	1227.617700000	1227.660200000	T0000015 sinmarcas.wav	48491.379	59806.034	50	NA
93	Spectrogram 1	1	1238.217600000	1238.245300000	T0000015 sinmarcas.wav	62500.000	78125.000	50	NA
94	Spectrogram 1	1	1252.005800000	1252.043200000	T0000015 sinmarcas.wav	52801.724	62500.000	50	NA
95	Spectrogram 1	1	1260.255700000	1260.278100000	T0000015 sinmarcas.wav	61422.414	71120.690	50	NA
96	Spectrogram 1	1	1260.781400000	1260.790670697	T0000015 sinmarcas.wav	61422.414	71120.690	50	NA
97	Spectrogram 1	1	1263.668365251	1263.690100000	T0000015 sinmarcas.wav	54418.103	60344.828	50	NA
98	Spectrogram 1	1	1263.872054582	1263.904100000	T0000015 sinmarcas.wav	52801.724	59806.034	50	NA
99	Spectrogram 1	1	1266.540480065	1266.558400000	T0000015 sinmarcas.wav	67349.138	80818.966	50	NA
100	Spectrogram 1	1	1267.067800000	1267.113400000	T0000015 sinmarcas.wav	64116.379	81357.759	50	NA
101	Spectrogram 1	1	1268.198800000	1268.216300000	T0000015 sinmarcas.wav	71120.690	82974.138	50	NA
102	Spectrogram 1	1	1269.208000000	1269.224474619	T0000015 sinmarcas.wav	52262.931	57650.862	50	NA
103	Spectrogram 1	1	1270.264700000	1270.284100000	T0000015 sinmarcas.wav	64655.172	74353.448	50	NA
104	Spectrogram 1	1	1270.367600000	1270.429812315	T0000015 sinmarcas.wav	50107.759	58189.655	50	NA
105	Spectrogram 1	1	1270.852000000	1270.880274619	T0000015 sinmarcas.wav	54956.897	64116.379	50	NA
106	Spectrogram 1	1	1282.165600000	1282.200500000	T0000015 sinmarcas.wav	51724.138	61422.414	50	NA
107	Spectrogram 1	1	1283.204189433	1283.229319935	T0000015 sinmarcas.wav	53879.310	58728.448	50	NA
108	Spectrogram 1	1	1283.508480065	1283.531200000	T0000015 sinmarcas.wav	52262.931	58728.448	50	NA
109	Spectrogram 1	1	1283.791916775	1283.829200000	T0000015 sinmarcas.wav	66810.345	75969.828	50	NA
110	Spectrogram 1	1	1284.708948039	1284.730300000	T0000015 sinmarcas.wav	67887.931	82435.345	50	NA
111	Spectrogram 1	1	1287.620597277	1287.641759805	T0000015 sinmarcas.wav	69504.310	78125.000	50	NA
112	Spectrogram 1	1	1290.620800000	1290.649192593	T0000015 sinmarcas.wav	54418.103	60883.621	50	NA
113	Spectrogram 1	1	1324.651000000	1324.686200000	T0000015 sinmarcas.wav	66271.552	80280.172	50	NA
114	Spectrogram 1	1	1374.486626143	1374.527628541	T0000015 sinmarcas.wav	49030.172	59267.241	50	NA
115	Spectrogram 1	1	1378.493800000	1378.509956645	T0000015 sinmarcas.wav	72737.069	83512.931	50	NA
116	Spectrogram 1	1	1378.625000000	1378.654126367	T0000015 sinmarcas.wav	54956.897	64116.379	50	NA
117	Spectrogram 1	1	1385.250771459	1385.290451199	T0000015 sinmarcas.wav	56034.483	74892.241	50	NA
118	Spectrogram 1	1	1388.380600000	1388.440309805	T0000015 sinmarcas.wav	49568.966	57112.069	50	NA
119	Spectrogram 1	1	1389.659131162	1389.689552296	T0000015 sinmarcas.wav	59267.241	72737.069	50	NA
120	Spectrogram 1	1	1391.047270697	1391.067110567	T0000015 sinmarcas.wav	65732.759	77047.414	50	NA
121	Spectrogram 1	1	1397.174600000	1397.199206645	T0000015 sinmarcas.wav	49030.172	57650.862	50	NA
122	Spectrogram 1	1	1399.151507407	1399.162088671	T0000015 sinmarcas.wav	63577.586	71120.690	50	NA
123	Spectrogram 1	1	1399.577500000	1399.597029303	T0000015 sinmarcas.wav	62500.000	70043.103	50	NA
124	Spectrogram 1	1	1399.797700000	1399.828300000	T0000015 sinmarcas.wav	44719.828	51724.138	50	NA
125	Spectrogram 1	1	1403.534700000	1403.565500000	T0000015 sinmarcas.wav	63038.793	75431.034	50	NA
126	Spectrogram 1	1	1403.847253485	1403.886933225	T0000015 sinmarcas.wav	59806.034	72737.069	50	NA
127	Spectrogram 1	1	1404.321700000	1404.375000000	T0000015 sinmarcas.wav	45258.621	49568.966	50	NA
128	Spectrogram 1	1	1410.471466775	1410.501887909	T0000015 sinmarcas.wav	60883.621	72737.069	50	NA
129	Spectrogram 1	1	1415.272275381	1415.286200000	T0000015 sinmarcas.wav	55495.690	59267.241	50	NA
130	Spectrogram 1	1	1418.199656645	1418.224787147	T0000015 sinmarcas.wav	65193.966	72737.069	50	NA
131	Spectrogram 1	1	1421.807690195	1421.859273857	T0000015 sinmarcas.wav	50646.552	71120.690	50	NA
132	Spectrogram 1	1	1433.199500000	1433.224137909	T0000015 sinmarcas.wav	50646.552	61422.414	50	NA
133	Spectrogram 1	1	1435.129720697	1435.140301961	T0000015 sinmarcas.wav	67349.138	77047.414	50	NA
134	Spectrogram 1	1	1435.526762091	1435.565500000	T0000015 sinmarcas.wav	71120.690	85668.103	50	NA
135	Spectrogram 1	1	1440.047048801	1440.081437909	T0000015 sinmarcas.wav	58728.448	71120.690	50	4
136	Spectrogram 1	1	1441.742962091	1441.774705883	T0000015 sinmarcas.wav	56034.483	70043.103	50	6
137	Spectrogram 1	1	1441.979717872	1442.010000000	T0000015 sinmarcas.wav	45797.414	51185.345	50	1
138	Spectrogram 1	1	1448.845257407	1448.863774619	T0000015 sinmarcas.wav	68426.724	78663.793	50	4
139	Spectrogram 1	1	1449.087303820	1449.106300000	T0000015 sinmarcas.wav	56034.483	66271.552	50	4
140	Spectrogram 1	1	1455.763321459	1455.799033225	T0000015 sinmarcas.wav	53879.310	66810.345	50	1
141	Spectrogram 1	1	1471.370700000	1471.389113839	T0000015 sinmarcas.wav	63577.586	72198.276	50	4
142	Spectrogram 1	1	1478.249800000	1478.276060567	T0000015 sinmarcas.wav	64655.172	77047.414	50	4
143	Spectrogram 1	1	1489.842600000	1489.870565251	T0000015 sinmarcas.wav	65732.759	78125.000	50	1
144	Spectrogram 1	1	1493.212600000	1493.261200000	T0000015 sinmarcas.wav	67349.138	87284.483	50	4
145	Spectrogram 1	1	1509.046648039	1509.066487909	T0000015 sinmarcas.wav	71659.483	83512.931	50	NA
146	Spectrogram 1	1	1524.802000000	1524.831100000	T0000015 sinmarcas.wav	51724.138	57650.862	50	NA
147	Spectrogram 1	1	1527.704425381	1527.723500000	T0000015 sinmarcas.wav	68426.724	75431.034	50	NA
148	Spectrogram 1	1	1538.425748801	1538.437652723	T0000015 sinmarcas.wav	72737.069	82435.345	50	NA
149	Spectrogram 1	1	1538.579900000	1538.616211552	T0000015 sinmarcas.wav	51185.345	59806.034	50	NA
150	Spectrogram 1	1	1542.699516013	1542.710200000	T0000015 sinmarcas.wav	74892.241	80818.966	50	NA
151	Spectrogram 1	1	1550.619498039	1550.643305883	T0000015 sinmarcas.wav	66810.345	82974.138	50	NA
152	Spectrogram 1	1	1558.116800000	1558.155583225	T0000015 sinmarcas.wav	64116.379	80818.966	50	NA
153	Spectrogram 1	1	1558.254000000	1558.305100000	T0000015 sinmarcas.wav	46336.207	51185.345	50	NA
154	Spectrogram 1	1	1563.135002723	1563.157487909	T0000015 sinmarcas.wav	54418.103	63038.793	50	NA
155	Spectrogram 1	1	1576.109000000	1576.126797277	T0000015 sinmarcas.wav	49568.966	56573.276	50	NA
156	Spectrogram 1	1	1576.399700000	1576.435100000	T0000015 sinmarcas.wav	64116.379	79202.586	50	NA
157	Spectrogram 1	1	1580.070800000	1580.089200000	T0000015 sinmarcas.wav	53340.517	59267.241	50	NA
158	Spectrogram 1	1	1586.269600000	1586.293200000	T0000015 sinmarcas.wav	51185.345	59267.241	50	NA
159	Spectrogram 1	1	1588.968079303	1588.979100000	T0000015 sinmarcas.wav	72198.276	80818.966	50	NA
160	Spectrogram 1	1	1608.067000000	1608.122300000	T0000015 sinmarcas.wav	50107.759	63577.586	50	NA
161	Spectrogram 1	1	1610.869700000	1610.907051199	T0000015 sinmarcas.wav	66810.345	78125.000	50	NA
162	Spectrogram 1	1	1612.573600000	1612.622300000	T0000015 sinmarcas.wav	48491.379	75969.828	50	NA
163	Spectrogram 1	1	1618.700800000	1618.732287909	T0000015 sinmarcas.wav	55495.690	61961.207	50	NA
164	Spectrogram 1	1	1628.618466348	1628.633000000	T0000015 sinmarcas.wav	75431.034	82435.345	50	NA
165	Spectrogram 1	1	1631.186537259	1631.227200000	T0000015 sinmarcas.wav	52262.931	61961.207	50	NA
166	Spectrogram 1	1	1632.953800000	1632.983515251	T0000015 sinmarcas.wav	54418.103	61961.207	50	NA
167	Spectrogram 1	1	1636.739000000	1636.784491831	T0000015 sinmarcas.wav	52801.724	59267.241	50	NA
168	Spectrogram 1	1	1643.487266013	1643.499500000	T0000015 sinmarcas.wav	73275.862	79741.379	50	NA
169	Spectrogram 1	1	1647.868599787	1647.901100000	T0000015 sinmarcas.wav	52801.724	58728.448	50	NA
170	Spectrogram 1	1	1648.259500000	1648.277869935	T0000015 sinmarcas.wav	67349.138	79741.379	50	NA
171	Spectrogram 1	1	1652.968800000	1653.011196515	T0000015 sinmarcas.wav	54956.897	59267.241	50	NA
172	Spectrogram 1	1	1656.437700000	1656.483455883	T0000015 sinmarcas.wav	57650.862	64655.172	50	NA
173	Spectrogram 1	1	1664.234900000	1664.255400000	T0000015 sinmarcas.wav	67349.138	77586.207	50	NA
174	Spectrogram 1	1	1667.237700000	1667.255547277	T0000015 sinmarcas.wav	67887.931	79202.586	50	NA
175	Spectrogram 1	1	1668.718000000	1668.737619935	T0000015 sinmarcas.wav	53879.310	61961.207	50	NA
176	Spectrogram 1	1	1674.598800000	1674.625900000	T0000015 sinmarcas.wav	65732.759	80818.966	50	NA
177	Spectrogram 1	1	1680.580500000	1680.597047277	T0000015 sinmarcas.wav	67349.138	78125.000	50	4
178	Spectrogram 1	1	1683.392400000	1683.433400000	T0000015 sinmarcas.wav	67887.931	81357.759	50	4
179	Spectrogram 1	1	1685.020600000	1685.051387909	T0000015 sinmarcas.wav	54956.897	63577.586	50	4
180	Spectrogram 1	1	1689.310871459	1689.339969935	T0000015 sinmarcas.wav	54418.103	59267.241	50	1
181	Spectrogram 1	1	1695.164357407	1695.188165251	T0000015 sinmarcas.wav	53879.310	61422.414	50	4
182	Spectrogram 1	1	1696.647916775	1696.684951199	T0000015 sinmarcas.wav	52801.724	61422.414	50	1
183	Spectrogram 1	1	1705.423307407	1705.440501961	T0000015 sinmarcas.wav	71120.690	80280.172	50	4
184	Spectrogram 1	1	1709.954400000	1710.004946515	T0000015 sinmarcas.wav	47952.586	55495.690	50	1
185	Spectrogram 1	1	1716.236580827	1716.287400000	T0000015 sinmarcas.wav	67349.138	81896.552	50	1
186	Spectrogram 1	1	1719.568800000	1719.611933225	T0000015 sinmarcas.wav	53879.310	58189.655	50	1
187	Spectrogram 1	1	1720.829062853	1720.855516013	T0000015 sinmarcas.wav	48491.379	59806.034	50	5
188	Spectrogram 1	1	1720.984000000	1721.019200000	T0000015 sinmarcas.wav	48491.379	56034.483	50	4
189	Spectrogram 1	1	1721.889700000	1721.927351199	T0000015 sinmarcas.wav	66810.345	80280.172	50	4
190	Spectrogram 1	1	1727.538600000	1727.580983225	T0000015 sinmarcas.wav	46875.000	58728.448	50	4
191	Spectrogram 1	1	1727.975357407	1727.987261329	T0000015 sinmarcas.wav	65732.759	74353.448	50	4
192	Spectrogram 1	1	1729.964825381	1729.980697277	T0000015 sinmarcas.wav	25323.276	31250.000	50	1
193	Spectrogram 1	1	1730.394500000	1730.442100000	T0000015 sinmarcas.wav	64116.379	72198.276	50	4
194	Spectrogram 1	1	1730.527419285	1730.555200000	T0000015 sinmarcas.wav	43103.448	49030.172	50	4
195	Spectrogram 1	1	1731.177362853	1731.226301199	T0000015 sinmarcas.wav	62500.000	72737.069	50	4
196	Spectrogram 1	1	1731.807700000	1731.837115251	T0000015 sinmarcas.wav	51185.345	59267.241	50	4
197	Spectrogram 1	1	1733.138573207	1733.163703709	T0000015 sinmarcas.wav	51724.138	57650.862	50	5
198	Spectrogram 1	1	1740.826500000	1740.871078541	T0000015 sinmarcas.wav	56573.276	71120.690	50	4
199	Spectrogram 1	1	1741.517800000	1741.536642593	T0000015 sinmarcas.wav	66271.552	82974.138	50	NA
200	Spectrogram 1	1	1741.760171794	1741.793238244	T0000015 sinmarcas.wav	49568.966	56573.276	50	NA
201	Spectrogram 1	1	1743.370700000	1743.405000000	T0000015 sinmarcas.wav	58189.655	63038.793	50	NA
202	Spectrogram 1	1	1744.871800000	1744.888300000	T0000015 sinmarcas.wav	66810.345	72737.069	50	NA
203	Spectrogram 1	1	1745.187700000	1745.215400000	T0000015 sinmarcas.wav	64655.172	77586.207	50	NA
204	Spectrogram 1	1	1746.219753485	1746.263401199	T0000015 sinmarcas.wav	66271.552	87284.483	50	NA
205	Spectrogram 1	1	1746.337470047	1746.359955233	T0000015 sinmarcas.wav	58189.655	65732.759	50	NA
206	Spectrogram 1	1	1748.100916775	1748.132660567	T0000015 sinmarcas.wav	54418.103	74892.241	50	NA
207	Spectrogram 1	1	1748.439861329	1748.457055883	T0000015 sinmarcas.wav	63038.793	73275.862	50	NA
208	Spectrogram 1	1	1748.547400000	1748.597257631	T0000015 sinmarcas.wav	51185.345	59806.034	50	NA
209	Spectrogram 1	1	1748.790898801	1748.827933225	T0000015 sinmarcas.wav	61961.207	72737.069	50	NA
210	Spectrogram 1	1	1751.234000000	1751.260974619	T0000015 sinmarcas.wav	50646.552	56034.483	50	NA
211	Spectrogram 1	1	1752.250880827	1752.289237909	T0000015 sinmarcas.wav	70581.897	86745.690	50	NA
212	Spectrogram 1	1	1753.969600000	1754.006355883	T0000015 sinmarcas.wav	53879.310	65732.759	50	NA
213	Spectrogram 1	1	1758.848884749	1758.879100000	T0000015 sinmarcas.wav	71120.690	88362.069	50	NA
214	Spectrogram 1	1	1759.273480827	1759.327709805	T0000015 sinmarcas.wav	66810.345	91056.034	50	NA
215	Spectrogram 1	1	1761.548615363	1761.597553709	T0000015 sinmarcas.wav	49030.172	59806.034	50	NA
216	Spectrogram 1	1	1766.459800000	1766.502300000	T0000015 sinmarcas.wav	65732.759	81896.552	50	NA
217	Spectrogram 1	1	1766.592814601	1766.642000000	T0000015 sinmarcas.wav	51724.138	59267.241	50	NA
218	Spectrogram 1	1	1766.739800000	1766.771792593	T0000015 sinmarcas.wav	52801.724	60883.621	50	NA
219	Spectrogram 1	1	1770.246094117	1770.293709805	T0000015 sinmarcas.wav	53340.517	60883.621	50	NA
220	Spectrogram 1	1	1774.684500000	1774.733726367	T0000015 sinmarcas.wav	53879.310	61961.207	50	NA
221	Spectrogram 1	1	1778.152900000	1778.165100000	T0000015 sinmarcas.wav	64655.172	72198.276	50	NA
222	Spectrogram 1	1	1780.223466775	1780.261823857	T0000015 sinmarcas.wav	53340.517	66810.345	50	NA
223	Spectrogram 1	1	1798.132600000	1798.182073857	T0000015 sinmarcas.wav	51724.138	60344.828	50	NA
224	Spectrogram 1	1	1803.235462091	1803.271173857	T0000015 sinmarcas.wav	53879.310	75431.034	50	NA
225	Spectrogram 1	1	1806.299500000	1806.343100000	T0000015 sinmarcas.wav	65193.966	77586.207	50	NA
226	Spectrogram 1	1	1807.112930827	1807.160546515	T0000015 sinmarcas.wav	66810.345	74892.241	50	NA
227	Spectrogram 1	1	1807.782800000	1807.861378876	T0000015 sinmarcas.wav	54956.897	59806.034	50	NA
228	Spectrogram 1	1	1811.352000000	1811.377569935	T0000015 sinmarcas.wav	66271.552	82435.345	50	NA
229	Spectrogram 1	1	1816.563700000	1816.598500000	T0000015 sinmarcas.wav	70581.897	85129.310	50	NA
230	Spectrogram 1	1	1819.864500000	1819.903783225	T0000015 sinmarcas.wav	51724.138	61961.207	50	NA
231	Spectrogram 1	1	1821.991900000	1822.019000000	T0000015 sinmarcas.wav	51724.138	58189.655	50	NA
232	Spectrogram 1	1	1824.470980065	1824.501200000	T0000015 sinmarcas.wav	59267.241	77586.207	50	NA
233	Spectrogram 1	1	1824.712600000	1824.773000000	T0000015 sinmarcas.wav	49568.966	56573.276	50	NA
234	Spectrogram 1	1	1825.760920697	1825.782200000	T0000015 sinmarcas.wav	64655.172	76508.621	50	NA
235	Spectrogram 1	1	1826.070898039	1826.098673857	T0000015 sinmarcas.wav	61422.414	78663.793	50	NA
236	Spectrogram 1	1	1829.011289433	1829.029806645	T0000015 sinmarcas.wav	49568.966	58728.448	50	NA
237	Spectrogram 1	1	1830.451407407	1830.482400000	T0000015 sinmarcas.wav	63038.793	70581.897	50	NA
238	Spectrogram 1	1	1830.786352723	1830.818096515	T0000015 sinmarcas.wav	65732.759	78663.793	50	NA
239	Spectrogram 1	1	1833.183289433	1833.225200000	T0000015 sinmarcas.wav	63577.586	80818.966	50	NA
240	Spectrogram 1	1	1842.742933987	1842.762200000	T0000015 sinmarcas.wav	64655.172	80280.172	50	NA
241	Spectrogram 1	1	1843.175938671	1843.193200000	T0000015 sinmarcas.wav	63577.586	74892.241	50	NA
242	Spectrogram 1	1	1843.575800000	1843.593692593	T0000015 sinmarcas.wav	64116.379	80280.172	50	NA
243	Spectrogram 1	1	1844.321207407	1844.345015251	T0000015 sinmarcas.wav	66810.345	73814.655	50	NA
244	Spectrogram 1	1	1844.442600000	1844.499766236	T0000015 sinmarcas.wav	47413.793	53879.310	50	NA
245	Spectrogram 1	1	1844.799312091	1844.825765251	T0000015 sinmarcas.wav	63038.793	71120.690	50	NA
246	Spectrogram 1	1	1845.137800000	1845.169528541	T0000015 sinmarcas.wav	63038.793	79741.379	50	NA
247	Spectrogram 1	1	1848.735416013	1848.755255883	T0000015 sinmarcas.wav	72737.069	81357.759	50	NA
248	Spectrogram 1	1	1851.191566775	1851.211406645	T0000015 sinmarcas.wav	53879.310	62500.000	50	NA
249	Spectrogram 1	1	1851.547175381	1851.565692593	T0000015 sinmarcas.wav	68426.724	81896.552	50	NA
250	Spectrogram 1	1	1853.610900000	1853.646742593	T0000015 sinmarcas.wav	52801.724	61422.414	50	NA
251	Spectrogram 1	1	1855.063400000	1855.121300000	T0000015 sinmarcas.wav	53340.517	58189.655	50	NA
252	Spectrogram 1	1	1860.216493355	1860.230100000	T0000015 sinmarcas.wav	65732.759	73814.655	50	NA
253	Spectrogram 1	1	1865.260434749	1865.291200000	T0000015 sinmarcas.wav	66271.552	78125.000	50	NA
254	Spectrogram 1	1	1866.811262091	1866.832424619	T0000015 sinmarcas.wav	52262.931	56573.276	50	NA
255	Spectrogram 1	1	1870.997340195	1871.054214489	T0000015 sinmarcas.wav	53879.310	59806.034	50	NA
256	Spectrogram 1	1	1876.865243355	1876.875200000	T0000015 sinmarcas.wav	65193.966	71659.483	50	NA
257	Spectrogram 1	1	1877.271400000	1877.308300000	T0000015 sinmarcas.wav	52262.931	60344.828	50	NA
258	Spectrogram 1	1	1882.604471459	1882.638860567	T0000015 sinmarcas.wav	53340.517	61961.207	50	NA
259	Spectrogram 1	1	1884.497900000	1884.554100000	T0000015 sinmarcas.wav	63577.586	84051.724	50	NA
260	Spectrogram 1	1	1886.332800000	1886.352200000	T0000015 sinmarcas.wav	53879.310	63577.586	50	NA
261	Spectrogram 1	1	1888.154500000	1888.177997277	T0000015 sinmarcas.wav	55495.690	63038.793	50	NA
262	Spectrogram 1	1	1888.265292705	1888.301004471	T0000015 sinmarcas.wav	51724.138	60344.828	50	NA
263	Spectrogram 1	1	1890.806258169	1890.851228541	T0000015 sinmarcas.wav	53340.517	62500.000	50	NA
264	Spectrogram 1	1	1893.793676143	1893.828065251	T0000015 sinmarcas.wav	53340.517	60344.828	50	NA
265	Spectrogram 1	1	1900.491828653	1900.511668523	T0000015 sinmarcas.wav	54418.103	60883.621	50	NA
266	Spectrogram 1	1	1900.596318634	1900.654515586	T0000015 sinmarcas.wav	50646.552	62500.000	50	NA
267	Spectrogram 1	1	1902.795700000	1902.830500000	T0000015 sinmarcas.wav	50646.552	56573.276	50	NA
268	Spectrogram 1	1	1903.135700000	1903.166915251	T0000015 sinmarcas.wav	50646.552	61961.207	50	NA
269	Spectrogram 1	1	1903.766971459	1903.782843355	T0000015 sinmarcas.wav	51185.345	58728.448	50	NA
270	Spectrogram 1	1	1907.268500000	1907.291351961	T0000015 sinmarcas.wav	56034.483	63577.586	50	NA
271	Spectrogram 1	1	1922.960453485	1923.000133225	T0000015 sinmarcas.wav	64655.172	79202.586	50	NA
272	Spectrogram 1	1	1924.049556645	1924.077000000	T0000015 sinmarcas.wav	53879.310	59267.241	50	NA
273	Spectrogram 1	1	1928.087000000	1928.119265251	T0000015 sinmarcas.wav	56573.276	64655.172	50	NA
274	Spectrogram 1	1	1928.391225381	1928.411065251	T0000015 sinmarcas.wav	72737.069	84051.724	50	NA
275	Spectrogram 1	1	1930.440600000	1930.482578541	T0000015 sinmarcas.wav	64655.172	81896.552	50	NA
276	Spectrogram 1	1	1933.580207407	1933.592111329	T0000015 sinmarcas.wav	54956.897	61422.414	50	NA
277	Spectrogram 1	1	1937.533820697	1937.545100000	T0000015 sinmarcas.wav	65732.759	74892.241	50	NA
278	Spectrogram 1	1	1940.630171459	1940.658000000	T0000015 sinmarcas.wav	52262.931	59806.034	50	NA
279	Spectrogram 1	1	1943.696800000	1943.749087147	T0000015 sinmarcas.wav	51724.138	59267.241	50	NA
280	Spectrogram 1	1	1944.673087259	1944.693200000	T0000015 sinmarcas.wav	68426.724	79741.379	50	NA
281	Spectrogram 1	1	1945.002900000	1945.049500000	T0000015 sinmarcas.wav	49030.172	54418.103	50	NA
282	Spectrogram 1	1	1945.693526143	1945.737100000	T0000015 sinmarcas.wav	66810.345	81896.552	50	NA
283	Spectrogram 1	1	1948.147700000	1948.176387909	T0000015 sinmarcas.wav	52801.724	60883.621	50	NA
284	Spectrogram 1	1	1949.694900000	1949.735423857	T0000015 sinmarcas.wav	70581.897	89978.448	50	NA
285	Spectrogram 1	1	1953.504700000	1953.563100000	T0000015 sinmarcas.wav	68965.517	87284.483	50	NA
286	Spectrogram 1	1	1956.843900000	1956.870242593	T0000015 sinmarcas.wav	49568.966	57112.069	50	NA
287	Spectrogram 1	1	1957.056737370	1957.091126478	T0000015 sinmarcas.wav	70581.897	86745.690	50	NA
288	Spectrogram 1	1	1961.228700000	1961.266851199	T0000015 sinmarcas.wav	65732.759	81896.552	50	NA
289	Spectrogram 1	1	1961.372663839	1961.401762315	T0000015 sinmarcas.wav	64655.172	76508.621	50	NA
290	Spectrogram 1	1	1961.582500000	1961.605100000	T0000015 sinmarcas.wav	55495.690	61961.207	50	NA
291	Spectrogram 1	1	1962.223500000	1962.269187909	T0000015 sinmarcas.wav	51185.345	57650.862	50	NA
292	Spectrogram 1	1	1962.785561329	1962.794819935	T0000015 sinmarcas.wav	74353.448	82435.345	50	NA
293	Spectrogram 1	1	1963.105434749	1963.126597277	T0000015 sinmarcas.wav	54418.103	60344.828	50	NA
294	Spectrogram 1	1	1967.119800000	1967.140200000	T0000015 sinmarcas.wav	77586.207	84051.724	50	NA
295	Spectrogram 1	1	1971.304900000	1971.334247277	T0000015 sinmarcas.wav	53879.310	61961.207	50	NA
296	Spectrogram 1	1	1975.152500000	1975.192000000	T0000015 sinmarcas.wav	51185.345	59267.241	50	NA
297	Spectrogram 1	1	1975.374639433	1975.390511329	T0000015 sinmarcas.wav	51185.345	59806.034	50	NA
298	Spectrogram 1	1	1978.609600000	1978.631813188	T0000015 sinmarcas.wav	51724.138	58189.655	50	NA
299	Spectrogram 1	1	1979.619198039	1979.647400000	T0000015 sinmarcas.wav	74353.448	85129.310	50	NA
300	Spectrogram 1	1	1981.445500000	1981.502541831	T0000015 sinmarcas.wav	50646.552	57650.862	50	NA
301	Spectrogram 1	1	1988.496800000	1988.523400000	T0000015 sinmarcas.wav	47952.586	57650.862	50	NA
302	Spectrogram 1	1	1992.895744117	1992.935400000	T0000015 sinmarcas.wav	67349.138	86745.690	50	NA
303	Spectrogram 1	1	1993.012600000	1993.031977891	T0000015 sinmarcas.wav	49568.966	56573.276	50	NA
304	Spectrogram 1	1	1999.611800000	1999.646115251	T0000015 sinmarcas.wav	56034.483	63038.793	50	NA
305	Spectrogram 1	1	2006.805744879	2006.852037909	T0000015 sinmarcas.wav	61961.207	81357.759	50	NA
306	Spectrogram 1	1	2008.347600000	2008.363156645	T0000015 sinmarcas.wav	51185.345	57650.862	50	NA
307	Spectrogram 1	1	2012.793800000	2012.810100000	T0000015 sinmarcas.wav	50107.759	58189.655	50	NA
308	Spectrogram 1	1	2015.455600000	2015.470301961	T0000015 sinmarcas.wav	65732.759	76508.621	50	NA
309	Spectrogram 1	1	2015.560600000	2015.585200000	T0000015 sinmarcas.wav	58189.655	63038.793	50	NA
310	Spectrogram 1	1	2017.087800000	2017.118100000	T0000015 sinmarcas.wav	65732.759	82435.345	50	NA
311	Spectrogram 1	1	2017.393500000	2017.416100000	T0000015 sinmarcas.wav	67349.138	81896.552	50	NA
312	Spectrogram 1	1	2020.818997277	2020.836300000	T0000015 sinmarcas.wav	71120.690	88900.862	50	NA
313	Spectrogram 1	1	2025.349895214	2025.369735084	T0000015 sinmarcas.wav	66810.345	77047.414	50	NA
314	Spectrogram 1	1	2032.699800000	2032.723300000	T0000015 sinmarcas.wav	53340.517	57650.862	50	NA
315	Spectrogram 1	1	2035.322800000	2035.359723857	T0000015 sinmarcas.wav	65193.966	81357.759	50	NA
316	Spectrogram 1	1	2037.048448039	2037.062100000	T0000015 sinmarcas.wav	68426.724	80818.966	50	NA
317	Spectrogram 1	1	2039.204720697	2039.222100000	T0000015 sinmarcas.wav	71659.483	85129.310	50	NA
318	Spectrogram 1	1	2039.517700000	2039.545200000	T0000015 sinmarcas.wav	75431.034	85668.103	50	NA
319	Spectrogram 1	1	2041.628916775	2041.658015251	T0000015 sinmarcas.wav	51724.138	61961.207	50	NA
320	Spectrogram 1	1	2043.116112091	2043.157400000	T0000015 sinmarcas.wav	52801.724	56573.276	50	NA
321	Spectrogram 1	1	2048.553900000	2048.576324619	T0000015 sinmarcas.wav	57112.069	61961.207	50	NA
322	Spectrogram 1	1	2055.685816775	2055.710947277	T0000015 sinmarcas.wav	56573.276	64655.172	50	NA
323	Spectrogram 1	1	2056.338800000	2056.364000000	T0000015 sinmarcas.wav	57112.069	61961.207	50	NA
324	Spectrogram 1	1	2059.031000000	2059.060001961	T0000015 sinmarcas.wav	53879.310	72198.276	50	NA
325	Spectrogram 1	1	2070.258189433	2070.281997277	T0000015 sinmarcas.wav	53879.310	61422.414	50	NA
326	Spectrogram 1	1	2070.381196627	2070.410100000	T0000015 sinmarcas.wav	68965.517	84590.517	50	NA
327	Spectrogram 1	1	2097.331244117	2097.364500000	T0000015 sinmarcas.wav	54418.103	63577.586	50	NA
328	Spectrogram 1	1	2110.523702723	2110.539300000	T0000015 sinmarcas.wav	57112.069	64655.172	50	NA
329	Spectrogram 1	1	2126.811500000	2126.827383987	T0000015 sinmarcas.wav	53879.310	59267.241	50	NA
330	Spectrogram 1	1	2143.431107407	2143.454915251	T0000015 sinmarcas.wav	55495.690	63038.793	50	NA
331	Spectrogram 1	1	2147.384207407	2147.409337909	T0000015 sinmarcas.wav	63577.586	75969.828	50	NA
332	Spectrogram 1	1	2156.378600000	2156.398574619	T0000015 sinmarcas.wav	57650.862	65732.759	50	NA
333	Spectrogram 1	1	2159.070500000	2159.096919935	T0000015 sinmarcas.wav	56573.276	64655.172	50	NA
334	Spectrogram 1	1	2168.599294117	2168.633300000	T0000015 sinmarcas.wav	55495.690	63038.793	50	NA
335	Spectrogram 1	1	2168.953800000	2168.975529303	T0000015 sinmarcas.wav	51185.345	61422.414	50	NA
336	Spectrogram 1	1	2170.866600000	2170.912723857	T0000015 sinmarcas.wav	59267.241	67887.931	50	NA
337	Spectrogram 1	1	2199.069500000	2199.084400000	T0000015 sinmarcas.wav	52262.931	59806.034	50	NA
338	Spectrogram 1	1	2207.010700000	2207.081291831	T0000015 sinmarcas.wav	63038.793	84590.517	50	NA
339	Spectrogram 1	1	2216.229853485	2216.271200000	T0000015 sinmarcas.wav	43103.448	55495.690	50	NA
340	Spectrogram 1	1	2216.577726905	2216.643859805	T0000015 sinmarcas.wav	45797.414	55495.690	50	NA
341	Spectrogram 1	1	2226.096600000	2226.110783987	T0000015 sinmarcas.wav	45797.414	54956.897	50	NA
342	Spectrogram 1	1	2229.179871459	2229.216300000	T0000015 sinmarcas.wav	49568.966	55495.690	50	NA
343	Spectrogram 1	1	2229.739900000	2229.778300000	T0000015 sinmarcas.wav	57112.069	74353.448	50	NA
344	Spectrogram 1	1	2233.673906645	2233.683165251	T0000015 sinmarcas.wav	77586.207	86206.897	50	NA
345	Spectrogram 1	1	2238.183421459	2238.220455883	T0000015 sinmarcas.wav	60883.621	74892.241	50	NA
346	Spectrogram 1	1	2268.203800000	2268.221400000	T0000015 sinmarcas.wav	67349.138	81357.759	50	NA
347	Spectrogram 1	1	2268.321719285	2268.352500000	T0000015 sinmarcas.wav	69504.310	88900.862	50	NA
348	Spectrogram 1	1	2285.570000000	2285.593500000	T0000015 sinmarcas.wav	56034.483	63038.793	50	NA
349	Spectrogram 1	1	2299.424800000	2299.459900000	T0000015 sinmarcas.wav	0.000	125000.000	50	NA
350	Spectrogram 1	1	2299.971400000	2299.995219935	T0000015 sinmarcas.wav	50107.759	59267.241	50	NA
351	Spectrogram 1	1	2359.229900000	2359.270200000	T0000015 sinmarcas.wav	53340.517	64116.379	50	NA
352	Spectrogram 1	1	2373.958400000	2373.992837909	T0000015 sinmarcas.wav	52262.931	59267.241	50	NA
353	Spectrogram 1	1	2388.868600000	2388.904200000	T0000015 sinmarcas.wav	68965.517	83512.931	50	NA
354	Spectrogram 1	1	2390.058800000	2390.077300000	T0000015 sinmarcas.wav	72737.069	86206.897	50	NA
355	Spectrogram 1	1	2390.258000000	2390.294885846	T0000015 sinmarcas.wav	49030.172	61422.414	50	NA
356	Spectrogram 1	1	2391.288125381	2391.310300000	T0000015 sinmarcas.wav	71120.690	80280.172	50	NA
357	Spectrogram 1	1	2391.754194117	2391.774033987	T0000015 sinmarcas.wav	51724.138	57650.862	50	NA
358	Spectrogram 1	1	2393.785080065	2393.803597277	T0000015 sinmarcas.wav	64116.379	81357.759	50	NA
359	Spectrogram 1	1	2408.353700000	2408.373324619	T0000015 sinmarcas.wav	55495.690	65193.966	50	NA
360	Spectrogram 1	1	2408.588800000	2408.643146850	T0000015 sinmarcas.wav	53340.517	61961.207	50	NA
361	Spectrogram 1	1	2408.714600000	2408.735100000	T0000015 sinmarcas.wav	53340.517	62500.000	50	NA
362	Spectrogram 1	1	2410.009000000	2410.026300000	T0000015 sinmarcas.wav	55495.690	64116.379	50	NA
363	Spectrogram 1	1	2422.576844117	2422.610300000	T0000015 sinmarcas.wav	74892.241	90517.241	50	NA
364	Spectrogram 1	1	2423.161252723	2423.182415251	T0000015 sinmarcas.wav	68965.517	84051.724	50	NA
365	Spectrogram 1	1	2423.576566775	2423.607100000	T0000015 sinmarcas.wav	50107.759	58728.448	50	NA
366	Spectrogram 1	1	2428.624700000	2428.672300000	T0000015 sinmarcas.wav	51185.345	56034.483	50	NA
367	Spectrogram 1	1	2444.092026143	2444.129060567	T0000015 sinmarcas.wav	54418.103	64116.379	50	NA
368	Spectrogram 1	1	2444.297100000	2444.308942054	T0000015 sinmarcas.wav	66810.345	75969.828	50	NA
369	Spectrogram 1	1	2446.039000000	2446.066842593	T0000015 sinmarcas.wav	54418.103	65732.759	50	NA
371	Spectrogram 1	1	2448.888525381	2448.911010567	T0000015 sinmarcas.wav	71120.690	88362.069	50	NA
373	Spectrogram 1	1	2450.978700000	2450.994600000	T0000015 sinmarcas.wav	54956.897	63038.793	50	NA
374	Spectrogram 1	1	2469.882800000	2469.901383987	T0000015 sinmarcas.wav	67887.931	77586.207	50	NA
376	Spectrogram 1	1	2474.251662853	2474.300200000	T0000015 sinmarcas.wav	64116.379	81896.552	50	NA
377	Spectrogram 1	1	2477.089800000	2477.110100000	T0000015 sinmarcas.wav	27478.448	33943.966	50	NA
378	Spectrogram 1	1	2477.743685511	2477.789978541	T0000015 sinmarcas.wav	47413.793	60344.828	50	NA
379	Spectrogram 1	1	2481.132684749	2481.147233987	T0000015 sinmarcas.wav	55495.690	63577.586	50	NA
383	Spectrogram 1	1	2493.278500000	2493.304100000	T0000015 sinmarcas.wav	45258.621	50107.759	50	NA
384	Spectrogram 1	1	2493.857600000	2493.875200000	T0000015 sinmarcas.wav	61422.414	67887.931	50	NA
385	Spectrogram 1	1	2494.509470697	2494.521374619	T0000015 sinmarcas.wav	65732.759	77586.207	50	NA
388	Spectrogram 1	1	2541.873748039	2541.892500000	T0000015 sinmarcas.wav	73275.862	80818.966	50	NA
391	Spectrogram 1	1	2572.921800000	2572.946200000	T0000015 sinmarcas.wav	50646.552	57650.862	50	NA
392	Spectrogram 1	1	2584.240630065	2584.258500000	T0000015 sinmarcas.wav	69504.310	79741.379	50	NA
393	Spectrogram 1	1	2598.605700000	2598.630300000	T0000015 sinmarcas.wav	68426.724	83512.931	50	NA
394	Spectrogram 1	1	2741.584900000	2741.615900000	T0000015 sinmarcas.wav	60344.828	64655.172	50	NA
395	Spectrogram 1	1	279.536125075	279.551833904	T0000015 sinmarcas.wav	45258.621	53879.310	50	NA
396	Spectrogram 1	1	1013.521313597	1013.541153467	T0000015 sinmarcas.wav	73814.655	83512.931	50	NA
397	Spectrogram 1	1	1055.272713732	1055.296523388	T0000015 sinmarcas.wav	70581.897	82974.138	50	NA
398	Spectrogram 1	1	1073.641076017	1073.669351910	T0000015 sinmarcas.wav	50646.552	60883.621	50	NA
399	Spectrogram 1	1	1085.557051315	1085.574288448	T0000015 sinmarcas.wav	48491.379	55495.690	50	NA
400	Spectrogram 1	1	1143.694317783	1143.709984033	T0000015 sinmarcas.wav	45258.621	52801.724	50	NA
401	Spectrogram 1	1	1162.483597495	1162.496164559	T0000015 sinmarcas.wav	50107.759	59267.241	50	NA
402	Spectrogram 1	1	236.930843392	236.947714239	T0000015 sinmarcas.wav	70581.897	83115.183	50	NA
403	Spectrogram 1	1	1284.692414814	1284.712916013	T0000015 sinmarcas.wav	50646.552	59267.241	50	NA
404	Spectrogram 1	1	1441.733703485	1441.748252723	T0000015 sinmarcas.wav	42564.655	49568.966	50	NA
405	Spectrogram 1	1	1538.440298039	1538.474687147	T0000015 sinmarcas.wav	58189.655	60883.621	50	NA
406	Spectrogram 1	1	1588.937658169	1588.970724619	T0000015 sinmarcas.wav	51724.138	61422.414	50	NA
407	Spectrogram 1	1	1733.158413077	1733.188834210	T0000015 sinmarcas.wav	65193.966	77586.207	50	NA
408	Spectrogram 1	1	1748.413408169	1748.447797277	T0000015 sinmarcas.wav	46336.207	54418.103	50	NA
409	Spectrogram 1	1	1819.898492593	1819.909073857	T0000015 sinmarcas.wav	71659.483	80280.172	50	NA
410	Spectrogram 1	1	1824.459076143	1824.478916013	T0000015 sinmarcas.wav	44719.828	51724.138	50	NA
411	Spectrogram 1	1	1825.750339433	1825.770179303	T0000015 sinmarcas.wav	46875.000	55495.690	50	NA
412	Spectrogram 1	1	1826.053703485	1826.078833987	T0000015 sinmarcas.wav	45797.414	53879.310	50	NA
413	Spectrogram 1	1	1829.027161329	1829.039065251	T0000015 sinmarcas.wav	64655.172	75431.034	50	
414	Spectrogram 1	1	1833.172708169	1833.185934749	T0000015 sinmarcas.wav	47952.586	56034.483	50	
415	Spectrogram 1	1	1842.724416775	1842.750869935	T0000015 sinmarcas.wav	52262.931	60344.828	50	
416	Spectrogram 1	1	1843.158744117	1843.187842593	T0000015 sinmarcas.wav	49030.172	58189.655	50	
417	Spectrogram 1	1	1848.718221459	1848.738061329	T0000015 sinmarcas.wav	53340.517	60883.621	50	
418	Spectrogram 1	1	1851.206116013	1851.221987909	T0000015 sinmarcas.wav	70581.897	85668.103	50	
419	Spectrogram 1	1	1851.539239433	1851.551143355	T0000015 sinmarcas.wav	55495.690	60883.621	50	
420	Spectrogram 1	1	1853.640129303	1853.663937147	T0000015 sinmarcas.wav	65732.759	81896.552	50	
421	Spectrogram 1	1	1860.208557407	1860.224429303	T0000015 sinmarcas.wav	47952.586	54418.103	50	
422	Spectrogram 1	1	1903.157656645	1903.173528541	T0000015 sinmarcas.wav	69504.310	79741.379	50	
423	Spectrogram 1	1	1928.379321459	1928.392548039	T0000015 sinmarcas.wav	53340.517	58728.448	50	
424	Spectrogram 1	1	1975.385220697	1975.403737909	T0000015 sinmarcas.wav	68426.724	78125.000	50	
425	Spectrogram 1	1	2006.853360567	2006.866587147	T0000015 sinmarcas.wav	51185.345	59806.034	50	
426	Spectrogram 1	1	2020.781962853	2020.824287909	T0000015 sinmarcas.wav	53879.310	66271.552	50	
427	Spectrogram 1	1	2025.322119396	2025.355185846	T0000015 sinmarcas.wav	49030.172	59267.241	50	
428	Spectrogram 1	1	2070.370615363	2070.389132575	T0000015 sinmarcas.wav	54418.103	61422.414	50	
429	Spectrogram 1	1	2299.988606645	2299.999187909	T0000015 sinmarcas.wav	70581.897	78125.000	50	
430	Spectrogram 1	1	2391.769404684	2391.792551199	T0000015 sinmarcas.wav	68426.724	79202.586	50	
431	Spectrogram 1	1	2446.062213290	2446.074778541	T0000015 sinmarcas.wav	76508.621	87823.276	50	
