Selection,View,Channel,Begin Time (s),End Time (s),Low Freq (Hz),High Freq (Hz)
1,Spectrogram 1,1,0.603360185,0.638243964,65130.3,73146.3
2,Spectrogram 1,1,1.180880533,1.237728173,46342.7,55110.2
3,Spectrogram 1,1,12.758449136,12.782996980,54358.7,62374.7
4,Spectrogram 1,1,19.625420012,19.666763751,61372.7,77154.3
5,Spectrogram 1,1,21.013025777,21.050493540,53106.2,63376.8
6,Spectrogram 1,1,27.128071227,27.166830982,62374.7,76903.8
7,Spectrogram 1,1,31.461450318,31.496334097,65881.8,77905.8
8,Spectrogram 1,1,52.639924688,52.683852411,66132.3,79408.8
9,Spectrogram 1,1,69.406228417,69.446280164,58366.7,70140.3
10,Spectrogram 1,1,70.163339661,70.202099416,64629.3,78907.8
11,Spectrogram 1,1,70.893318823,70.946290488,44839.7,55861.7
12,Spectrogram 1,1,70.751199721,70.777039558,64879.8,80410.8
13,Spectrogram 1,1,87.014887375,87.039435220,57114.2,66883.8
14,Spectrogram 1,1,87.020055342,87.048479163,68887.8,88176.4
15,Spectrogram 1,1,94.118324040,94.168711721,46843.7,58116.2
16,Spectrogram 1,1,105.521553078,105.569356776,42835.7,55611.2
17,Spectrogram 1,1,105.542224948,105.570648768,61122.2,76402.8
18,Spectrogram 1,1,110.039691710,110.090079391,42585.2,55110.2
19,Spectrogram 1,1,110.467344306,110.502228086,43336.7,54859.7
20,Spectrogram 1,1,112.232222811,112.273566550,46342.7,55360.7
21,Spectrogram 1,1,113.931207956,113.989347588,61122.2,72144.3
22,Spectrogram 1,1,115.623733503,115.659909274,47094.2,53607.2
23,Spectrogram 1,1,113.936387349,113.975147104,45591.2,55611.2
24,Spectrogram 1,1,116.625036458,116.650876294,44839.7,55861.7
25,Spectrogram 1,1,121.860238426,121.905458140,46593.2,59619.2
26,Spectrogram 1,1,121.889954238,121.910626107,64879.8,75901.8
27,Spectrogram 1,1,132.348708265,132.391343996,61623.2,74398.8
28,Spectrogram 1,1,132.328036396,132.364212167,44088.2,54108.2
29,Spectrogram 1,1,134.640381049,134.669450865,63877.8,79158.3
30,Spectrogram 1,1,134.899424515,134.922680368,43336.7,52855.7
31,Spectrogram 1,1,134.907822462,134.942706241,58116.2,70390.8
32,Spectrogram 1,1,136.558990035,136.590643835,63877.8,79408.8
33,Spectrogram 1,1,136.547362108,136.585475867,49098.2,58867.7
34,Spectrogram 1,1,137.982123582,138.016361365,44589.2,54859.7
35,Spectrogram 1,1,157.230251732,157.250277606,58366.7,69138.3
36,Spectrogram 1,1,157.241879659,157.253507585,74649.3,89679.4
37,Spectrogram 1,1,158.212164750,158.233482616,65130.3,78907.8
38,Spectrogram 1,1,158.245756538,158.255446477,63376.8,72144.3
39,Spectrogram 1,1,158.385290968,158.429864687,45591.2,58366.7
40,Spectrogram 1,1,159.718627805,159.749635609,45841.7,57865.7
41,Spectrogram 1,1,161.091372710,161.141114396,54609.2,64128.3
42,Spectrogram 1,1,161.571349103,161.595896948,50100.2,62625.3
43,Spectrogram 1,1,199.875390045,199.925777727,45340.7,61623.2
44,Spectrogram 1,1,200.252655069,200.317254661,46092.2,57615.2
45,Spectrogram 1,1,200.532374301,200.553692166,44839.7,59619.2
46,Spectrogram 1,1,207.423284124,207.451707944,63126.3,76653.3
47,Spectrogram 1,1,223.556552153,223.618567761,46092.2,63877.8
48,Spectrogram 1,1,231.899677705,231.928747521,65380.8,74649.3
49,Spectrogram 1,1,232.158076071,232.176809952,51853.7,60871.7
50,Spectrogram 1,1,232.846715081,232.902916726,46593.2,57865.7
51,Spectrogram 1,1,235.222712538,235.276976194,57114.2,90180.4
52,Spectrogram 1,1,237.667832512,237.691088365,50350.7,65130.3
53,Spectrogram 1,1,237.680752430,237.718866189,66633.3,93436.9
54,Spectrogram 1,1,237.926879192,237.946259070,44839.7,55611.2
55,Spectrogram 1,1,237.941737098,237.979204861,62374.7,81913.8
56,Spectrogram 1,1,238.178820600,238.227270293,42084.2,54108.2
57,Spectrogram 1,1,244.808745208,244.843628988,53857.7,64629.3
58,Spectrogram 1,1,245.598160127,245.625291956,44338.7,58116.2
59,Spectrogram 1,1,245.835888806,245.866250614,46593.2,59368.7
60,Spectrogram 1,1,246.040025970,246.069095786,47344.7,61873.7
61,Spectrogram 1,1,251.376007055,251.403138883,44839.7,58867.7
62,Spectrogram 1,1,251.391510957,251.404430875,62625.3,77404.8
63,Spectrogram 1,1,251.704822043,251.734537855,44839.7,56112.2
64,Spectrogram 1,1,252.850830663,252.887006434,47344.7,60120.2
65,Spectrogram 1,1,254.344389106,254.410926686,60871.7,73146.3
66,Spectrogram 1,1,255.230704504,255.268172267,48096.2,58366.7
67,Spectrogram 1,1,255.250084381,255.272694238,63627.3,78907.8
68,Spectrogram 1,1,257.263022506,257.312764191,60120.2,81663.3
69,Spectrogram 1,1,257.727493076,257.764960840,48096.2,59619.2
70,Spectrogram 1,1,258.624136073,258.673877758,43837.7,56362.7
71,Spectrogram 1,1,259.134473653,259.184861334,43837.7,55611.2
72,Spectrogram 1,1,259.748814455,259.794034169,63877.8,78406.8
73,Spectrogram 1,1,259.745584476,259.797264149,49098.2,58867.7
74,Spectrogram 1,1,260.030468327,260.069874077,43086.2,53857.7
75,Spectrogram 1,1,260.048556212,260.092483934,61873.7,72394.8
76,Spectrogram 1,1,263.511096082,263.537581914,60370.7,77154.3
77,Spectrogram 1,1,263.788228319,263.832156041,63126.3,81663.3
78,Spectrogram 1,1,264.076342631,264.112518402,68887.8,86673.3
79,Spectrogram 1,1,264.375437777,264.399985621,60871.7,72645.3
80,Spectrogram 1,1,265.826343679,265.846369553,60370.7,73897.8
81,Spectrogram 1,1,266.676475173,266.744304744,62625.3,75901.8
82,Spectrogram 1,1,266.731384825,266.756578666,47845.7,57114.2
83,Spectrogram 1,1,272.098317259,272.142244981,64378.8,88927.9
84,Spectrogram 1,1,275.148065614,275.193285328,67134.3,83917.8
85,Spectrogram 1,1,275.144835634,275.186825368,47344.7,61372.7
86,Spectrogram 1,1,275.697161104,275.737858846,46843.7,64128.3
87,Spectrogram 1,1,275.926490330,275.957498134,44589.2,56362.7
88,Spectrogram 1,1,277.578947159,277.600265024,46342.7,55611.2
89,Spectrogram 1,1,277.595743053,277.614476934,61873.7,75651.3
90,Spectrogram 1,1,278.328303220,278.412282689,41332.7,106462.9
91,Spectrogram 1,1,278.609311443,278.649363190,42835.7,58867.7
92,Spectrogram 1,1,280.624171697,280.681019337,42084.2,56112.2
93,Spectrogram 1,1,281.919393683,281.939419556,47595.2,57114.2
94,Spectrogram 1,1,283.574435383,283.602213207,61873.7,75400.8
95,Spectrogram 1,1,283.593169265,283.618363105,49849.7,58867.7
96,Spectrogram 1,1,283.741748595,283.782446338,46092.2,55360.7
97,Spectrogram 1,1,285.765008229,285.833483796,61623.2,78657.3
98,Spectrogram 1,1,286.995629057,287.036972795,43587.2,55360.7
99,Spectrogram 1,1,288.392917846,288.437491565,49849.7,63627.3
100,Spectrogram 1,1,289.414239611,289.431681500,54609.2,63877.8
101,Spectrogram 1,1,295.926522853,295.946548726,43837.7,50350.7
102,Spectrogram 1,1,295.954946673,295.974972546,61122.2,69388.8
103,Spectrogram 1,1,297.830917607,297.852881468,61372.7,69639.3
104,Spectrogram 1,1,298.460118024,298.481435889,46342.7,57364.7
105,Spectrogram 1,1,298.476913918,298.489187840,61873.7,71643.3
106,Spectrogram 1,1,302.387774054,302.432347772,47595.2,61873.7
107,Spectrogram 1,1,302.424595821,302.435577752,64378.8,78406.8
108,Spectrogram 1,1,333.412405348,333.440829168,50350.7,64879.8
109,Spectrogram 1,1,335.112684736,335.130126626,48096.2,60621.2
110,Spectrogram 1,1,337.714140905,337.757422631,65631.3,76903.8
111,Spectrogram 1,1,337.878869863,337.898249740,47595.2,57114.2
112,Spectrogram 1,1,343.656715018,343.697412760,45090.2,60370.7
113,Spectrogram 1,1,347.882218623,347.925500349,71142.3,83416.8
114,Spectrogram 1,1,348.144494464,348.180670236,63126.3,77404.8
115,Spectrogram 1,1,348.389329780,348.406125674,65881.8,73146.3
116,Spectrogram 1,1,348.397081731,348.446823417,81412.8,96442.9
117,Spectrogram 1,1,354.720154870,354.740180744,51352.7,65881.8
118,Spectrogram 1,1,355.720812909,355.773784574,51853.7,61623.2
119,Spectrogram 1,1,358.999922268,359.018010154,48096.2,57865.7
120,Spectrogram 1,1,359.017364158,359.030284076,63376.8,78406.8
121,Spectrogram 1,1,359.174988662,359.206642462,47094.2,61623.2
122,Spectrogram 1,1,372.259125014,372.294654789,50350.7,59869.7
123,Spectrogram 1,1,440.407875140,440.449864875,52855.7,62124.2
124,Spectrogram 1,1,440.689531336,440.717955156,49599.2,61122.2
125,Spectrogram 1,1,447.415065319,447.435091192,54108.2,63376.8
126,Spectrogram 1,1,453.753642360,453.781420184,34819.6,45090.2
127,Spectrogram 1,1,453.731678499,453.751704372,41583.2,50350.7
128,Spectrogram 1,1,453.771730245,453.783358172,53106.2,61122.2
129,Spectrogram 1,1,454.607657279,454.663212928,43086.2,55611.2
130,Spectrogram 1,1,457.083139607,457.122545358,45591.2,59368.7
131,Spectrogram 1,1,457.050193815,457.082493611,64378.8,73146.3
132,Spectrogram 1,1,459.707202359,459.731104208,54108.2,65631.3
133,Spectrogram 1,1,459.726582236,459.748546097,67635.3,81162.3
134,Spectrogram 1,1,463.485024793,463.512156622,53607.2,65130.3
135,Spectrogram 1,1,463.505696662,463.517970585,67635.3,84669.3
136,Spectrogram 1,1,463.622623287,463.653631091,49348.7,64378.8
137,Spectrogram 1,1,463.638773185,463.658799058,65881.8,82915.8
138,Spectrogram 1,1,464.016039164,464.032835058,66132.3,77404.8
139,Spectrogram 1,1,464.417852715,464.437878588,69639.3,80160.3
140,Spectrogram 1,1,468.625267615,468.658213407,51853.7,60871.7
141,Spectrogram 1,1,469.872052552,469.888848446,73897.8,83416.8
142,Spectrogram 1,1,469.970889927,470.003189723,51853.7,61623.2
143,Spectrogram 1,1,471.346229755,471.393387456,56362.7,66633.3
144,Spectrogram 1,1,471.378529550,471.405015383,69138.3,89929.9
145,Spectrogram 1,1,471.558764593,471.597524348,51603.2,58116.2
146,Spectrogram 1,1,472.592369241,472.611749119,64378.8,79408.8
147,Spectrogram 1,1,481.268185211,481.294671044,53106.2,63376.8
148,Spectrogram 1,1,481.252681309,481.273353178,67384.8,80410.8
149,Spectrogram 1,1,481.294025048,481.306298970,66633.3,77905.8
150,Spectrogram 1,1,482.374786307,482.402564131,64879.8,77404.8
151,Spectrogram 1,1,489.511822755,489.531202632,67635.3,84418.8
152,Spectrogram 1,1,489.502778812,489.527326657,54108.2,63877.8
153,Spectrogram 1,1,489.742445479,489.783143221,48096.2,59368.7
154,Spectrogram 1,1,489.776037266,489.793479156,63877.8,76903.8
155,Spectrogram 1,1,491.121661488,491.149439312,51352.7,66883.8
156,Spectrogram 1,1,491.139749373,491.155899271,71142.3,84919.8
157,Spectrogram 1,1,492.549326711,492.604236364,66382.8,78406.8
158,Spectrogram 1,1,492.591962442,492.614572299,51603.2,60120.2
159,Spectrogram 1,1,492.969229512,492.989255385,45340.7,53857.7
160,Spectrogram 1,1,493.192744917,493.232150668,44589.2,53607.2
161,Spectrogram 1,1,493.885259970,493.904639847,67635.3,76402.8
162,Spectrogram 1,1,494.547412739,494.591986457,66382.8,78907.8
163,Spectrogram 1,1,495.151426693,495.163700616,64879.8,72895.8
164,Spectrogram 1,1,495.449233129,495.499620810,45591.2,54859.7
165,Spectrogram 1,1,495.852984122,495.873009995,45090.2,55360.7
166,Spectrogram 1,1,496.223143873,496.279345518,62124.2,77655.3
167,Spectrogram 1,1,513.960385020,513.977180914,72645.3,91933.9
168,Spectrogram 1,1,513.999790771,514.014648677,66633.3,95691.4
169,Spectrogram 1,1,513.970720955,514.015940669,53857.7,66633.3
170,Spectrogram 1,1,515.079244316,515.121880046,60120.2,74148.3
171,Spectrogram 1,1,515.444231521,515.472009345,52354.7,62124.2
172,Spectrogram 1,1,515.466195382,515.483637272,64629.3,84919.8
173,Spectrogram 1,1,515.980405111,516.013350903,50851.7,61122.2
174,Spectrogram 1,1,517.172904727,517.201974543,67384.8,76903.8
175,Spectrogram 1,1,517.787888928,517.815666752,43086.2,51853.7
176,Spectrogram 1,1,517.807268805,517.851196528,58617.2,69889.8
177,Spectrogram 1,1,519.189047406,519.205843300,44088.2,50350.7
178,Spectrogram 1,1,519.200675332,519.232975128,60370.7,71893.8
179,Spectrogram 1,1,519.464887929,519.492665753,43587.2,51603.2
180,Spectrogram 1,1,519.711012504,519.737498336,47344.7,60120.2
181,Spectrogram 1,1,521.240720885,521.265914726,39328.7,48096.2
182,Spectrogram 1,1,521.630899334,521.663199130,59368.7,75400.8
183,Spectrogram 1,1,522.648987027,522.724568549,39829.7,52605.2
184,Spectrogram 1,1,524.388643254,524.411253111,62625.3,73146.3
185,Spectrogram 1,1,524.678693639,524.695489533,46342.7,55110.2
186,Spectrogram 1,1,525.350527256,525.385411036,45591.2,57364.7
187,Spectrogram 1,1,525.555307547,525.598589273,45090.2,57114.2
188,Spectrogram 1,1,525.800784759,525.849880449,41833.7,55360.7
189,Spectrogram 1,1,526.062412278,526.110861972,43336.7,58116.2
190,Spectrogram 1,1,530.625698066,530.668333797,61372.7,83166.3
191,Spectrogram 1,1,530.667041805,530.691589650,52354.7,59619.2
192,Spectrogram 1,1,530.913810939,530.953216690,45090.2,57364.7
193,Spectrogram 1,1,531.364713890,531.420915534,45340.7,57865.7
194,Spectrogram 1,1,531.623111020,531.664454759,43336.7,60871.7
195,Spectrogram 1,1,532.384738410,532.402180299,45591.2,56362.7
196,Spectrogram 1,1,532.757476951,532.787838759,45340.7,56362.7
197,Spectrogram 1,1,532.778148820,532.791068738,62124.2,74899.8
198,Spectrogram 1,1,534.232274997,534.256176846,43086.2,52354.7
199,Spectrogram 1,1,534.877623467,534.934471107,45841.7,56863.7
200,Spectrogram 1,1,536.916374088,536.928648011,55110.2,66883.8
201,Spectrogram 1,1,536.924126039,536.939629941,66633.3,80911.8
202,Spectrogram 1,1,537.254875047,537.286528846,44338.7,55611.2
203,Spectrogram 1,1,537.304616732,537.329810573,47845.7,55110.2
204,Spectrogram 1,1,537.271670940,537.302678744,61623.2,72645.3
205,Spectrogram 1,1,538.834326416,538.896988019,59118.2,73647.3
206,Spectrogram 1,1,541.042976354,541.088842064,63877.8,76653.3
207,Spectrogram 1,1,542.128242631,542.160542427,58867.7,72144.3
208,Spectrogram 1,1,542.634699385,542.677981111,46342.7,58867.7
209,Spectrogram 1,1,543.489991122,543.514538967,44839.7,57364.7
210,Spectrogram 1,1,544.690894493,544.714796342,64378.8,75651.3
211,Spectrogram 1,1,544.715442338,544.736114207,52104.2,59619.2
212,Spectrogram 1,1,545.703162414,545.718666316,56863.7,67885.8
213,Spectrogram 1,1,545.940242295,545.975772070,60120.2,75651.3
214,Spectrogram 1,1,546.191534906,546.242568583,60370.7,78657.3
215,Spectrogram 1,1,546.675384809,546.707038609,58366.7,76402.8
216,Spectrogram 1,1,546.953161338,546.997735056,59118.2,81162.3
217,Spectrogram 1,1,547.210911242,547.241919046,58116.2,71643.3
218,Spectrogram 1,1,549.629502188,549.697977755,46092.2,54108.2
219,Spectrogram 1,1,553.976388031,554.002227868,48096.2,61873.7
220,Spectrogram 1,1,553.995121912,554.022253741,63376.8,79659.3
221,Spectrogram 1,1,555.860752264,555.882716125,59619.2,67635.3
222,Spectrogram 1,1,557.109454069,557.157257767,46593.2,57364.7
223,Spectrogram 1,1,557.973143002,557.987354912,43086.2,52605.2
224,Spectrogram 1,1,557.982832941,558.029344646,60621.2,72645.3
225,Spectrogram 1,1,563.737980820,563.771572608,62124.2,76152.3
226,Spectrogram 1,1,567.026728044,567.042231946,46843.7,56613.2
227,Spectrogram 1,1,567.469876311,567.518972000,43336.7,57364.7
228,Spectrogram 1,1,567.490548180,567.499592123,61623.2,72144.3
229,Spectrogram 1,1,593.572499858,593.597047703,52354.7,64128.3
230,Spectrogram 1,1,593.859322176,593.889037988,63877.8,79158.3
231,Spectrogram 1,1,594.639678799,594.681668533,59869.7,74398.8
232,Spectrogram 1,1,595.695878951,595.733992710,64128.3,77655.3
233,Spectrogram 1,1,604.713936884,604.732670766,45340.7,51603.2
234,Spectrogram 1,1,607.218446177,607.232012091,53356.7,67384.8
235,Spectrogram 1,1,607.638340984,607.660950841,55110.2,67885.8
236,Spectrogram 1,1,608.470380078,608.490405951,29809.6,38577.2
237,Spectrogram 1,1,614.518163901,614.538189774,44088.2,56362.7
238,Spectrogram 1,1,616.524619308,616.551105140,49098.2,62875.8
239,Spectrogram 1,1,618.567892722,618.578874652,61372.7,71142.3
240,Spectrogram 1,1,618.553034816,618.585980607,42835.7,52104.2
241,Spectrogram 1,1,621.945782798,621.978082594,49348.7,58366.7
242,Spectrogram 1,1,621.950304770,621.986480541,61372.7,88677.4
243,Spectrogram 1,1,622.077565690,622.089839612,47094.2,54609.2
244,Spectrogram 1,1,622.180924006,622.231311688,40831.7,59869.7
245,Spectrogram 1,1,622.397978904,622.459348516,41082.2,58116.2
246,Spectrogram 1,1,622.545264534,622.586608272,43587.2,52855.7
247,Spectrogram 1,1,624.150559288,624.189965039,48597.2,65130.3
248,Spectrogram 1,1,624.277173870,624.299137731,45591.2,55611.2
249,Spectrogram 1,1,624.481954024,624.538801664,41833.7,56613.2
250,Spectrogram 1,1,624.745520076,624.787509811,38827.7,52354.7
251,Spectrogram 1,1,624.888930006,624.918645818,41583.2,52354.7
252,Spectrogram 1,1,626.141504840,626.174450632,44589.2,54108.2
253,Spectrogram 1,1,626.757135933,626.785559753,48096.2,57364.7
254,Spectrogram 1,1,633.800390412,633.836566183,44839.7,52605.2
255,Spectrogram 1,1,685.449810042,685.475649878,50851.7,61623.2
256,Spectrogram 1,1,689.223757455,689.256057251,34068.1,39078.2
257,Spectrogram 1,1,689.225695443,689.241845341,69138.3,75150.3
258,Spectrogram 1,1,689.502183741,689.529315569,50350.7,60120.2
259,Spectrogram 1,1,695.904714923,695.976420469,43086.2,54108.2
260,Spectrogram 1,1,696.044253178,696.072676998,45090.2,54609.2
261,Spectrogram 1,1,698.117921342,698.134071240,54358.7,64128.3
262,Spectrogram 1,1,707.435863253,707.454597134,54358.7,60621.2
263,Spectrogram 1,1,707.529532660,707.568292415,53607.2,62124.2
264,Spectrogram 1,1,707.887417262,707.915195086,50601.2,61122.2
265,Spectrogram 1,1,711.717567002,711.758264744,64879.8,80661.3
266,Spectrogram 1,1,714.943703675,714.973419487,63376.8,73647.3
267,Spectrogram 1,1,728.766221472,728.801751247,45841.7,58617.2
268,Spectrogram 1,1,730.033677732,730.089233381,50851.7,66132.3
269,Spectrogram 1,1,730.580841728,730.616371503,50100.2,63126.3
270,Spectrogram 1,1,730.606681564,730.618309491,67885.8,80911.8
271,Spectrogram 1,1,730.810819001,730.859914691,50851.7,63376.8
272,Spectrogram 1,1,731.254622832,731.318576428,47094.2,58116.2
273,Spectrogram 1,1,752.039755316,752.077869075,51102.2,61873.7
274,Spectrogram 1,1,767.906871461,767.924959347,54358.7,62374.7
275,Spectrogram 1,1,785.719745372,785.748815189,31312.6,41583.2
276,Spectrogram 1,1,786.639007516,786.669369324,44839.7,54859.7
277,Spectrogram 1,1,789.308937069,789.338006885,53356.7,66382.8
278,Spectrogram 1,1,795.142339167,795.163011036,44589.2,53857.7
279,Spectrogram 1,1,796.073876461,796.092610342,49098.2,56863.7
280,Spectrogram 1,1,830.460597299,830.499357054,45340.7,55360.7
281,Spectrogram 1,1,831.978055070,832.032964722,49849.7,58366.7
282,Spectrogram 1,1,832.487106807,832.505840688,64629.3,76653.3
283,Spectrogram 1,1,832.983881960,833.025871695,51352.7,66382.8
284,Spectrogram 1,1,833.009721797,833.042667589,67885.8,91933.9
285,Spectrogram 1,1,833.529750964,833.559466776,31813.6,38827.7
286,Spectrogram 1,1,833.542024886,833.566572731,52104.2,58867.7
287,Spectrogram 1,1,837.422562786,837.462614533,62374.7,80410.8
288,Spectrogram 1,1,837.464552521,837.480056423,53356.7,58116.2
289,Spectrogram 1,1,841.969775357,841.990447227,40831.7,50851.7
290,Spectrogram 1,1,844.067991297,844.091247150,55611.2,64629.3
291,Spectrogram 1,1,844.080265219,844.119670970,76903.8,91683.4
292,Spectrogram 1,1,844.661667544,844.693967340,55611.2,73396.8
293,Spectrogram 1,1,845.132603476,845.173947215,53607.2,75400.8
294,Spectrogram 1,1,851.146241299,851.170789143,59118.2,67885.8
295,Spectrogram 1,1,866.404822745,866.428724593,46843.7,53607.2
296,Spectrogram 1,1,866.389964839,866.415158679,59869.7,67384.8
297,Spectrogram 1,1,874.217577876,874.253753647,60120.2,70390.8
298,Spectrogram 1,1,881.799709465,881.829425277,46843.7,54358.7
299,Spectrogram 1,1,889.884433105,889.929006823,49098.2,62374.7
300,Spectrogram 1,1,892.577618102,892.619607836,51102.2,64879.8
301,Spectrogram 1,1,897.124185768,897.164883511,63877.8,73396.8
302,Spectrogram 1,1,897.122247780,897.146149629,45841.7,53356.7
303,Spectrogram 1,1,897.898093648,897.923287489,44839.7,52855.7
304,Spectrogram 1,1,926.450762437,926.492752171,51352.7,65130.3
305,Spectrogram 1,1,934.931483685,934.969597444,49849.7,66382.8
306,Spectrogram 1,1,935.697642751,935.714438645,48847.7,58116.2
307,Spectrogram 1,1,937.996120152,938.034879907,43837.7,56362.7
308,Spectrogram 1,1,941.730014934,941.791384546,49348.7,63126.3
309,Spectrogram 1,1,941.884409594,941.937381259,44088.2,59619.2
310,Spectrogram 1,1,944.391545585,944.418031418,68637.3,83416.8
311,Spectrogram 1,1,944.419969406,944.450977210,50601.2,65631.3
312,Spectrogram 1,1,961.775475072,961.806482876,44338.7,54859.7
313,Spectrogram 1,1,962.133360083,962.168243862,44589.2,57114.2
314,Spectrogram 1,1,966.606927755,966.628245621,47094.2,59368.7
315,Spectrogram 1,1,966.575919952,966.610157735,62374.7,79909.8
316,Spectrogram 1,1,967.002281484,967.042333230,47344.7,58116.2
317,Spectrogram 1,1,967.248408928,967.299442605,45090.2,57114.2
318,Spectrogram 1,1,968.533307145,968.572066900,47845.7,57114.2
319,Spectrogram 1,1,968.721293866,968.760699616,50100.2,60120.2
320,Spectrogram 1,1,970.127642112,970.154773941,64378.8,76152.3
321,Spectrogram 1,1,970.170277842,970.181259773,65380.8,79659.3
322,Spectrogram 1,1,970.179321785,970.195471683,53607.2,59368.7
323,Spectrogram 1,1,972.105055997,972.128957846,49348.7,60120.2
324,Spectrogram 1,1,972.116683924,972.145107744,63627.3,77655.3
325,Spectrogram 1,1,972.475861744,972.507515544,42835.7,56863.7
326,Spectrogram 1,1,972.486843675,972.501055585,59368.7,73897.8
327,Spectrogram 1,1,972.905453392,972.932585221,46342.7,58867.7
328,Spectrogram 1,1,976.786636810,976.816998618,63376.8,89679.4
329,Spectrogram 1,1,995.647328098,995.670583951,48847.7,59619.2
330,Spectrogram 1,1,1000.547904253,1000.581496041,62625.3,76903.8
331,Spectrogram 1,1,1001.966524852,1002.007222595,47595.2,62374.7
332,Spectrogram 1,1,1001.990426701,1002.014328550,63126.3,86923.8
333,Spectrogram 1,1,1002.393532653,1002.443920334,45090.2,62124.2
334,Spectrogram 1,1,1002.429062428,1002.443920334,62374.7,83166.3
335,Spectrogram 1,1,1005.318633047,1005.354808819,44589.2,59118.2
336,Spectrogram 1,1,1005.344472884,1005.356746806,61122.2,75651.3
337,Spectrogram 1,1,1006.686219696,1006.706891566,61873.7,74649.3
338,Spectrogram 1,1,1006.914904296,1006.973043929,49599.2,59368.7
339,Spectrogram 1,1,1007.155217504,1007.182349333,46342.7,54108.2
340,Spectrogram 1,1,1008.155875679,1008.170087589,49098.2,54859.7
341,Spectrogram 1,1,1009.175267938,1009.214027693,60871.7,69138.3
342,Spectrogram 1,1,1009.498914756,1009.515710650,50601.2,59619.2
343,Spectrogram 1,1,1009.511188678,1009.538966503,62875.8,77655.3
344,Spectrogram 1,1,1010.511201539,1010.544147330,61372.7,71643.3
345,Spectrogram 1,1,1010.509909547,1010.553837269,47344.7,55360.7
346,Spectrogram 1,1,1010.659135285,1010.695311057,45090.2,55360.7
347,Spectrogram 1,1,1012.452438971,1012.489260738,46843.7,61122.2
348,Spectrogram 1,1,1012.479570799,1012.502180656,63627.3,79158.3
349,Spectrogram 1,1,1012.730219942,1012.749599819,44088.2,54358.7
350,Spectrogram 1,1,1012.750245815,1012.761873742,63376.8,73146.3
351,Spectrogram 1,1,1014.179203576,1014.240573188,61623.2,85170.3
352,Spectrogram 1,1,1019.733534008,1019.754851874,44589.2,59118.2
353,Spectrogram 1,1,1021.378256793,1021.398282667,61122.2,70641.3
354,Spectrogram 1,1,1021.833687936,1021.858235780,51102.2,62374.7
355,Spectrogram 1,1,1030.393159446,1030.437733165,30811.6,40330.7
356,Spectrogram 1,1,1074.525019467,1074.597371009,57364.7,72394.8
357,Spectrogram 1,1,1074.477861765,1074.505639589,52855.7,69388.8
358,Spectrogram 1,1,1074.495949650,1074.512099548,74649.3,88426.9
359,Spectrogram 1,1,1074.681996947,1074.841557938,49599.2,74899.8
360,Spectrogram 1,1,1074.912616855,1074.998534312,54859.7,67134.3
361,Spectrogram 1,1,1074.995950328,1075.115459572,34819.6,47595.2
362,Spectrogram 1,1,1075.169077233,1075.194271074,54859.7,78156.3
363,Spectrogram 1,1,1075.285356498,1075.313134322,56863.7,71643.3
364,Spectrogram 1,1,1075.391945824,1075.699439880,30310.6,45841.7
365,Spectrogram 1,1,1075.384839869,1075.638070268,74148.3,87424.8
366,Spectrogram 1,1,1075.749181284,1075.864814553,32314.6,43336.7
367,Spectrogram 1,1,1075.793755002,1075.842850692,71142.3,79909.8
368,Spectrogram 1,1,1075.937166096,1075.983677801,69889.8,79909.8
369,Spectrogram 1,1,1075.935228108,1076.001119691,32565.1,40831.7
370,Spectrogram 1,1,1076.289233244,1076.301507166,52605.2,60871.7
371,Spectrogram 1,1,1076.312489096,1076.338974929,56863.7,73146.3
372,Spectrogram 1,1,1076.296339199,1076.332514970,35320.6,43336.7
373,Spectrogram 1,1,1076.420370414,1076.437166308,62374.7,71893.8
374,Spectrogram 1,1,1076.426184378,1076.446210251,44839.7,52605.2
375,Spectrogram 1,1,1076.660033866,1076.707837564,42585.2,52605.2
376,Spectrogram 1,1,1076.784065612,1076.848665203,55110.2,69388.8
377,Spectrogram 1,1,1076.931998676,1077.043109974,26803.6,40080.2
378,Spectrogram 1,1,1077.109001557,1077.265332568,26302.6,36573.1
379,Spectrogram 1,1,1077.703318879,1077.773086438,44338.7,54358.7
380,Spectrogram 1,1,1078.874509516,1078.921667218,28807.6,39579.2
381,Spectrogram 1,1,1079.003708699,1079.032778515,52104.2,64629.3
382,Spectrogram 1,1,1079.142598158,1079.278903296,29058.1,42585.2
383,Spectrogram 1,1,1079.338981593,1079.356423482,45591.2,63627.3
384,Spectrogram 1,1,1080.505650191,1080.528906044,53106.2,62374.7
385,Spectrogram 1,1,1080.935236916,1081.048932197,42835.7,54358.7
386,Spectrogram 1,1,1081.227873065,1081.280844730,31062.1,40080.2
387,Spectrogram 1,1,1081.353841512,1081.408105169,47344.7,55611.2
388,Spectrogram 1,1,1081.509526177,1081.554099895,46342.7,53607.2
389,Spectrogram 1,1,1081.655521254,1081.742730702,31062.1,39579.2
390,Spectrogram 1,1,1083.977878499,1084.001780348,59619.2,74398.8
391,Spectrogram 1,1,1085.588995200,1085.647134832,45090.2,51603.2
392,Spectrogram 1,1,1085.748556191,1085.961088847,42585.2,52354.7
393,Spectrogram 1,1,1086.263415205,1086.320262846,43587.2,54859.7
394,Spectrogram 1,1,1086.471426054,1086.642614972,42585.2,49849.7
395,Spectrogram 1,1,1086.755664257,1086.840935718,28306.6,35571.1
396,Spectrogram 1,1,1086.950109027,1086.995974737,30060.1,38076.2
397,Spectrogram 1,1,1089.919753821,1089.997273331,48597.2,58617.2
398,Spectrogram 1,1,1090.111614878,1090.153604613,45841.7,56112.2
399,Spectrogram 1,1,1090.360322891,1090.411356568,43587.2,52354.7
400,Spectrogram 1,1,1090.484999143,1090.504379020,44589.2,51853.7
401,Spectrogram 1,1,1090.713036789,1090.743398597,43086.2,58617.2
402,Spectrogram 1,1,1090.966268549,1090.994692369,46092.2,55611.2
403,Spectrogram 1,1,1091.643271361,1091.694951035,43587.2,54358.7
404,Spectrogram 1,1,1093.276350024,1093.307357828,49849.7,57114.2
405,Spectrogram 1,1,1095.318989728,1095.342245581,50350.7,63627.3
406,Spectrogram 1,1,1095.452710883,1095.482426695,50350.7,61873.7
407,Spectrogram 1,1,1095.694959351,1095.718861200,48346.7,61623.2
408,Spectrogram 1,1,1099.497935102,1099.527004918,59368.7,72144.3
409,Spectrogram 1,1,1100.009565835,1100.072227439,44088.2,50350.7
411,Spectrogram 1,1,1100.671713140,1100.716932854,44088.2,53106.2
412,Spectrogram 1,1,1100.826106364,1100.871972074,43587.2,52605.2
413,Spectrogram 1,1,1100.970162555,1101.027010195,45090.2,49599.2
414,Spectrogram 1,1,1101.761507676,1101.784117533,49599.2,58116.2
415,Spectrogram 1,1,1102.163316649,1102.199492420,47595.2,59869.7
416,Spectrogram 1,1,1102.284117537,1102.319647313,47595.2,54609.2
417,Spectrogram 1,1,1102.744711170,1102.798974827,43837.7,61873.7
418,Spectrogram 1,1,1103.503755678,1103.532825494,49348.7,57865.7
419,Spectrogram 1,1,1105.009573423,1105.039935231,49098.2,61873.7
420,Spectrogram 1,1,1105.255052138,1105.292519901,47094.2,57615.2
421,Spectrogram 1,1,1105.835801150,1105.875852897,48847.7,58617.2
422,Spectrogram 1,1,1106.954665639,1107.006991308,40330.7,52104.2
423,Spectrogram 1,1,1112.061914083,1112.081293960,45090.2,53857.7
424,Spectrogram 1,1,1112.625222713,1112.662690476,41583.2,50851.7
425,Spectrogram 1,1,1112.851967204,1112.867471106,42585.2,50851.7
426,Spectrogram 1,1,1113.100675560,1113.165921147,40330.7,54358.7
427,Spectrogram 1,1,1113.307393496,1113.365533128,39328.7,49599.2
428,Spectrogram 1,1,1113.489563929,1113.524447708,44589.2,55110.2
429,Spectrogram 1,1,1113.618116771,1113.662044493,40330.7,51102.2
430,Spectrogram 1,1,1113.840339430,1113.865533271,44839.7,53356.7
431,Spectrogram 1,1,1114.547705965,1114.567731839,45591.2,55110.2
432,Spectrogram 1,1,1115.711791530,1115.729879415,46593.2,56613.2
433,Spectrogram 1,1,1116.698227273,1116.717607151,47845.7,56863.7
434,Spectrogram 1,1,1116.966960748,1116.996030564,45090.2,57615.2
435,Spectrogram 1,1,1118.154947551,1118.180141392,43336.7,53356.7
436,Spectrogram 1,1,1118.413345569,1118.445645365,38827.7,48096.2
437,Spectrogram 1,1,1118.560632566,1118.611666243,45841.7,55611.2
438,Spectrogram 1,1,1118.688539273,1118.716963093,43587.2,52855.7
439,Spectrogram 1,1,1119.193710188,1119.233115939,44088.2,55611.2
440,Spectrogram 1,1,1119.489576858,1119.514770698,46593.2,55110.2
441,Spectrogram 1,1,1119.702756392,1119.733118200,47595.2,54609.2
442,Spectrogram 1,1,1119.687252490,1119.705986372,31312.6,43336.7
443,Spectrogram 1,1,1120.862964342,1120.904308016,46593.2,57615.2
444,Spectrogram 1,1,1121.246039984,1121.273817808,44839.7,56362.7
445,Spectrogram 1,1,1121.910769010,1121.945006793,44839.7,58617.2
446,Spectrogram 1,1,1122.034154230,1122.083249919,42084.2,53106.2
447,Spectrogram 1,1,1123.324855405,1123.353925221,43837.7,55611.2
448,Spectrogram 1,1,1123.784804828,1123.821626595,43837.7,54609.2
449,Spectrogram 1,1,1124.064521255,1124.081317149,45591.2,51603.2
450,Spectrogram 1,1,1124.161420642,1124.186614483,45340.7,56112.2
451,Spectrogram 1,1,1125.043849880,1125.068397725,42835.7,53356.7
452,Spectrogram 1,1,1125.324858098,1125.357803889,42084.2,55611.2
453,Spectrogram 1,1,1125.892043249,1125.946952902,42084.2,57364.7
454,Spectrogram 1,1,1126.607160914,1126.631062763,51102.2,60621.2
455,Spectrogram 1,1,1132.063242563,1132.101356322,41332.7,54609.2
456,Spectrogram 1,1,1136.375908663,1136.405624475,40581.2,54358.7
457,Spectrogram 1,1,1136.409500451,1136.434048295,60120.2,70641.3
458,Spectrogram 1,1,1136.905627421,1136.946325163,41082.2,51352.7
459,Spectrogram 1,1,1137.176946109,1137.233793749,40581.2,49098.2
460,Spectrogram 1,1,1137.351365685,1137.435991150,41082.2,51853.7
461,Spectrogram 1,1,1137.636250354,1137.678240089,41583.2,49348.7
462,Spectrogram 1,1,1138.609764947,1138.653692669,42334.7,56863.7
463,Spectrogram 1,1,1139.644003631,1139.667259484,52104.2,58617.2
464,Spectrogram 1,1,1139.862996584,1139.910154285,46092.2,59118.2
465,Spectrogram 1,1,1139.996718487,1140.068424033,29058.1,41833.7
466,Spectrogram 1,1,1143.680833926,1143.706027767,55360.7,62374.7
467,Spectrogram 1,1,1144.148537076,1144.169854941,44839.7,56613.2
468,Spectrogram 1,1,1144.381741459,1144.406289304,46593.2,58116.2
469,Spectrogram 1,1,1144.647244679,1144.676960491,43336.7,54609.2
470,Spectrogram 1,1,1145.284196365,1145.309390205,51853.7,66132.3
471,Spectrogram 1,1,1161.933451298,1161.992882922,43837.7,54609.2
472,Spectrogram 1,1,1162.972213593,1163.003867393,43837.7,52104.2
473,Spectrogram 1,1,1177.268746462,1177.597558383,25300.6,36322.6
474,Spectrogram 1,1,1177.724819094,1177.863708216,28557.1,37575.2
475,Spectrogram 1,1,1177.927661811,1177.979341485,33316.6,43086.2
476,Spectrogram 1,1,1178.056215191,1178.159574537,33066.1,43086.2
477,Spectrogram 1,1,1178.327533475,1178.432830810,40080.2,54609.2
478,Spectrogram 1,1,1184.963200287,1185.037489817,37825.7,51853.7
479,Spectrogram 1,1,1185.130513157,1185.217722605,41082.2,49348.7
480,Spectrogram 1,1,1185.434777431,1185.514880924,37825.7,48847.7
481,Spectrogram 1,1,1185.574957378,1185.645370933,25551.1,33316.6
482,Spectrogram 1,1,1185.773923912,1185.789427814,42334.7,53607.2
483,Spectrogram 1,1,1186.171211322,1186.238394897,43086.2,51603.2
484,Spectrogram 1,1,1186.324958002,1186.385035622,44338.7,53356.7
485,Spectrogram 1,1,1186.483227001,1186.535552670,41833.7,50350.7
486,Spectrogram 1,1,1186.635036512,1186.680902222,40581.2,51102.2
487,Spectrogram 1,1,1187.382454593,1187.439948230,41833.7,52104.2
488,Spectrogram 1,1,1188.281033520,1188.352093071,41833.7,53106.2
489,Spectrogram 1,1,1189.115014161,1189.184781720,41332.7,50851.7
490,Spectrogram 1,1,1189.277804308,1189.330775973,41583.2,54358.7
491,Spectrogram 1,1,1189.436071799,1189.611782688,40330.7,53857.7
492,Spectrogram 1,1,1189.706744903,1189.723540797,41583.2,52855.7
493,Spectrogram 1,1,1189.951577609,1190.014885209,38827.7,56613.2
494,Spectrogram 1,1,1190.144084392,1190.308167354,25300.6,36322.6
495,Spectrogram 1,1,1190.402482758,1190.449640459,39328.7,58867.7
496,Spectrogram 1,1,1190.573671804,1190.676385154,40581.2,47344.7
497,Spectrogram 1,1,1190.672509179,1190.950287422,25801.6,33817.6
498,Spectrogram 1,1,1191.034913015,1191.260365590,26302.6,33817.6
499,Spectrogram 1,1,1191.383750874,1191.408944714,43336.7,53356.7
502,Spectrogram 1,1,1191.627939028,1191.761014186,42835.7,52354.7
503,Spectrogram 1,1,1191.751970243,1191.825613778,28807.6,36322.6
504,Spectrogram 1,1,1191.949643199,1192.067214455,28807.6,35821.6
505,Spectrogram 1,1,1192.157007888,1192.198997622,45340.7,59118.2
506,Spectrogram 1,1,1192.340470728,1192.397318368,27054.1,37825.7
507,Spectrogram 1,1,1192.388920421,1192.456749992,40581.2,50851.7
508,Spectrogram 1,1,1192.557525355,1192.578843220,44088.2,53607.2
509,Spectrogram 1,1,1192.576259237,1192.736466223,27555.1,37074.1
510,Spectrogram 1,1,1193.250679846,1193.273289703,50100.2,62875.8
511,Spectrogram 1,1,1195.970321764,1196.096936963,43086.2,59368.7
512,Spectrogram 1,1,1196.190605547,1196.266833065,42835.7,51853.7
513,Spectrogram 1,1,1196.781044024,1196.833369693,45340.7,53607.2
514,Spectrogram 1,1,1196.932207328,1197.007142854,45340.7,53607.2
515,Spectrogram 1,1,1197.030398707,1197.093060311,30060.1,36322.6
516,Spectrogram 1,1,1197.627944853,1197.661536641,44589.2,53607.2
517,Spectrogram 1,1,1197.292023418,1197.330783173,44088.2,57615.2
519,Spectrogram 1,1,1198.323676688,1198.390860263,42585.2,53106.2
520,Spectrogram 1,1,1198.463211806,1198.567863144,41082.2,51853.7
521,Spectrogram 1,1,1198.771351857,1198.806235637,46092.2,54859.7
522,Spectrogram 1,1,1198.916054319,1199.020705657,42585.2,53607.2
523,Spectrogram 1,1,1199.673160831,1199.762954263,44589.2,55360.7
524,Spectrogram 1,1,1200.779107798,1200.824327512,47344.7,56362.7
525,Spectrogram 1,1,1204.845651431,1204.948364781,43837.7,54609.2
526,Spectrogram 1,1,1204.953532748,1205.029760266,30060.1,36322.6
527,Spectrogram 1,1,1205.137641584,1205.380536048,27805.6,38326.7
528,Spectrogram 1,1,1205.595651723,1205.638933449,46843.7,60120.2
529,Spectrogram 1,1,1206.609218535,1206.651854265,44088.2,53857.7
530,Spectrogram 1,1,1207.797205959,1207.821753804,53607.2,62374.7
531,Spectrogram 1,1,1209.959997905,1209.987129734,45340.7,52605.2
532,Spectrogram 1,1,1210.468395519,1210.594364722,38577.2,49849.7
533,Spectrogram 1,1,1210.875373820,1211.032996823,37825.7,46593.2
534,Spectrogram 1,1,1211.042040766,1211.154444055,26803.6,33567.1
535,Spectrogram 1,1,1211.142170133,1211.166717978,43587.2,54358.7
536,Spectrogram 1,1,1211.282997443,1211.438036462,26803.6,34819.6
537,Spectrogram 1,1,1211.509096690,1211.686745566,27805.6,35821.6
538,Spectrogram 1,1,1211.764911072,1211.791396905,43086.2,55360.7
539,Spectrogram 1,1,1211.866977108,1211.943850622,38827.7,50350.7
540,Spectrogram 1,1,1212.014264177,1212.099535638,42334.7,50350.7
541,Spectrogram 1,1,1212.084677732,1212.138295393,28056.1,35320.6
542,Spectrogram 1,1,1212.349536057,1212.370853922,48346.7,62625.3
543,Spectrogram 1,1,1213.379898768,1213.460002262,42585.2,53356.7
544,Spectrogram 1,1,1213.958710413,1214.013620066,44088.2,57615.2
545,Spectrogram 1,1,1215.563363956,1215.604061699,43336.7,54609.2
546,Spectrogram 1,1,1215.915432882,1215.952254649,48597.2,61372.7
547,Spectrogram 1,1,1216.059489971,1216.124735559,42334.7,54108.2
548,Spectrogram 1,1,1216.214528165,1216.244243977,45090.2,57114.2
549,Spectrogram 1,1,1216.809489228,1216.860522906,41833.7,52855.7
550,Spectrogram 1,1,1218.589856578,1218.808203197,39829.7,50851.7
551,Spectrogram 1,1,1218.891536670,1218.924482462,41082.2,51603.2
552,Spectrogram 1,1,1218.924482462,1218.966472196,59368.7,72144.3
553,Spectrogram 1,1,1219.047867681,1219.217764607,39328.7,48847.7
554,Spectrogram 1,1,1219.342441819,1219.379909582,42835.7,53356.7
555,Spectrogram 1,1,1219.481330237,1219.581459604,40080.2,47094.2
556,Spectrogram 1,1,1219.658333118,1219.705490820,40831.7,53857.7
557,Spectrogram 1,1,1219.899289594,1219.963243190,43086.2,52354.7
558,Spectrogram 1,1,1220.038824712,1220.086628410,43837.7,54108.2
559,Spectrogram 1,1,1220.165439911,1220.184173793,44338.7,52354.7
560,Spectrogram 1,1,1220.180297817,1220.227455519,27805.6,36823.6
561,Spectrogram 1,1,1222.206785519,1222.236501331,43587.2,50851.7
562,Spectrogram 1,1,1223.560145276,1223.616992916,45090.2,51352.7
563,Spectrogram 1,1,1223.720998259,1223.743608116,46092.2,54609.2
564,Spectrogram 1,1,1223.870223315,1223.905753090,45340.7,57364.7
565,Spectrogram 1,1,1224.146063571,1224.190637289,44589.2,54609.2
566,Spectrogram 1,1,1226.713250869,1226.759116579,60621.2,74398.8
567,Spectrogram 1,1,1228.665451292,1228.702919055,40330.7,48346.7
568,Spectrogram 1,1,1228.856020087,1229.084056645,39078.2,52855.7
569,Spectrogram 1,1,1229.221007022,1229.372170066,36823.6,52605.2
570,Spectrogram 1,1,1229.083409892,1229.106019749,60871.7,70891.8
571,Spectrogram 1,1,1229.485864585,1229.541420234,39829.7,50100.2
572,Spectrogram 1,1,1229.642841593,1229.720361102,41332.7,50851.7
573,Spectrogram 1,1,1229.839225030,1229.914160556,41332.7,50100.2
574,Spectrogram 1,1,1229.983281568,1230.075658984,38076.2,49599.2
575,Spectrogram 1,1,1230.168681572,1230.188707446,43086.2,53106.2
576,Spectrogram 1,1,1230.303694718,1230.363126343,43837.7,51853.7
577,Spectrogram 1,1,1230.436123592,1230.475529343,47094.2,54108.2
578,Spectrogram 1,1,1230.549818873,1230.601498546,42334.7,51853.7
579,Spectrogram 1,1,1231.487159409,1231.507831278,47595.2,53857.7
580,Spectrogram 1,1,1231.808865233,1231.846978992,49348.7,58366.7
581,Spectrogram 1,1,1232.032379399,1232.084705068,49098.2,61372.7
582,Spectrogram 1,1,1232.173852505,1232.217134231,44839.7,55861.7
583,Spectrogram 1,1,1234.221660262,1234.253960057,45090.2,53356.7
584,Spectrogram 1,1,1235.104090933,1235.188716398,44338.7,55110.2
585,Spectrogram 1,1,1235.310810375,1235.363136044,44839.7,51853.7
586,Spectrogram 1,1,1235.604736930,1235.640912701,43086.2,52354.7
587,Spectrogram 1,1,1239.981363124,1240.013016924,50601.2,58366.7
588,Spectrogram 1,1,1241.077618166,1241.169349585,19539.1,27805.6
589,Spectrogram 1,1,1243.317285679,1243.390929214,42835.7,52104.2
590,Spectrogram 1,1,1247.412902415,1247.534349647,44088.2,53857.7
591,Spectrogram 1,1,1251.187456670,1251.225570429,46092.2,52605.2
592,Spectrogram 1,1,1251.067947426,1251.090557283,46092.2,51853.7
593,Spectrogram 1,1,1250.918722369,1250.944562206,43837.7,53857.7
594,Spectrogram 1,1,1251.354123271,1251.434226765,44589.2,54609.2
595,Spectrogram 1,1,1251.444562699,1251.495596377,30060.1,35070.1
596,Spectrogram 1,1,1252.065366384,1252.095082196,47845.7,60370.7
597,Spectrogram 1,1,1252.586685087,1252.631904801,49849.7,70641.3
598,Spectrogram 1,1,1254.445861424,1254.466533293,52605.2,61372.7
599,Spectrogram 1,1,1259.616410626,1259.664860320,50350.7,59869.7
600,Spectrogram 1,1,1267.524042199,1267.575721873,42585.2,52104.2
601,Spectrogram 1,1,1267.673267256,1267.764352680,47595.2,56613.2
602,Spectrogram 1,1,1267.990451250,1268.016291087,45591.2,55861.7
603,Spectrogram 1,1,1275.249507244,1275.281161043,43086.2,51352.7
604,Spectrogram 1,1,1279.625481139,1279.657134938,50851.7,62625.3
605,Spectrogram 1,1,1280.195895532,1280.234009291,44839.7,54859.7
606,Spectrogram 1,1,1283.338021428,1283.356755309,50851.7,61873.7
607,Spectrogram 1,1,1285.814768619,1285.879368210,43086.2,53106.2
608,Spectrogram 1,1,1286.859993884,1286.963999227,50601.2,62124.2
609,Spectrogram 1,1,1286.967875673,1287.275369728,28056.1,40080.2
610,Spectrogram 1,1,1287.261157818,1287.312837491,51102.2,60370.7
611,Spectrogram 1,1,1287.383895801,1287.737901563,29058.1,42585.2
612,Spectrogram 1,1,1287.843843657,1287.935575077,27304.6,34068.1
613,Spectrogram 1,1,1287.987254750,1288.062190277,26302.6,36322.6
614,Spectrogram 1,1,1288.066066931,1288.125498555,38577.2,56613.2
615,Spectrogram 1,1,1288.213353505,1288.380666447,28807.6,34569.1
616,Spectrogram 1,1,1288.357410594,1288.386480410,41583.2,60120.2
617,Spectrogram 1,1,1288.451080002,1288.475627847,43587.2,53106.2
618,Spectrogram 1,1,1288.615808960,1288.691390482,37825.7,55611.2
619,Spectrogram 1,1,1288.460769941,1288.639064813,25551.1,35821.6
620,Spectrogram 1,1,1288.476273843,1288.622914915,56362.7,65380.8
621,Spectrogram 1,1,1288.750822106,1288.777953935,42084.2,47845.7
622,Spectrogram 1,1,1288.761157212,1288.980149827,25300.6,36072.1
623,Spectrogram 1,1,1288.961415946,1289.024723545,37575.2,56863.7
624,Spectrogram 1,1,1289.076403219,1289.099659072,42084.2,50851.7
625,Spectrogram 1,1,1289.078987202,1289.183638541,25801.6,39078.2
626,Spectrogram 1,1,1289.153922728,1289.182992545,39829.7,56362.7
627,Spectrogram 1,1,1289.099659072,1289.175240594,58617.2,70140.3
628,Spectrogram 1,1,1289.229504251,1289.286351891,60120.2,69639.3
629,Spectrogram 1,1,1289.267618010,1289.332217601,41332.7,59118.2
630,Spectrogram 1,1,1289.230796242,1289.299917805,29559.1,37074.1
631,Spectrogram 1,1,1289.223044291,1289.254698091,42585.2,54609.2
632,Spectrogram 1,1,1289.759222316,1289.813485972,60120.2,86172.3
633,Spectrogram 1,1,1289.880023552,1289.923951274,44088.2,60871.7
634,Spectrogram 1,1,1290.088034236,1290.103538138,47094.2,63877.8
635,Spectrogram 1,1,1290.102246147,1290.119042040,63877.8,78907.8
636,Spectrogram 1,1,1290.425889340,1290.445269218,64879.8,81412.8
637,Spectrogram 1,1,1290.637129863,1290.662323704,64629.3,78156.3
638,Spectrogram 1,1,1291.047336983,1291.121626513,49849.7,92685.4
639,Spectrogram 1,1,1291.181704133,1291.226277851,44088.2,60370.7
640,Spectrogram 1,1,1291.522789623,1291.612583056,45841.7,90430.9
641,Spectrogram 1,1,1291.670722688,1291.707544455,47845.7,60621.2
642,Spectrogram 1,1,1291.794107908,1291.815425773,61122.2,79909.8
643,Spectrogram 1,1,1291.889068893,1291.952376492,42835.7,64629.3
644,Spectrogram 1,1,1292.024727824,1292.078345485,51853.7,60370.7
645,Spectrogram 1,1,1292.067363554,1292.132609141,60871.7,89679.4
646,Spectrogram 1,1,1292.333513660,1292.369043435,61372.7,83917.8
647,Spectrogram 1,1,1292.536356377,1292.582222087,42835.7,62625.3
648,Spectrogram 1,1,1292.672661028,1292.842557954,39829.7,56613.2
649,Spectrogram 1,1,1293.370337146,1293.389717024,46092.2,57865.7
650,Spectrogram 1,1,1293.381965073,1293.436874725,61372.7,77905.8
651,Spectrogram 1,1,1293.513748239,1293.594497729,43587.2,57114.2
652,Spectrogram 1,1,1293.675892936,1293.714006695,44589.2,60871.7
653,Spectrogram 1,1,1293.712714703,1293.771500331,61122.2,86422.8
654,Spectrogram 1,1,1293.831579040,1293.998891982,39829.7,59368.7
655,Spectrogram 1,1,1293.987264055,1294.014395884,60120.2,80911.8
656,Spectrogram 1,1,1294.086746054,1294.153283634,45090.2,60871.7
657,Spectrogram 1,1,1294.138425728,1294.197857352,61372.7,88677.4
658,Spectrogram 1,1,1294.265041879,1294.403931001,44088.2,59368.7
659,Spectrogram 1,1,1294.395533054,1294.420726895,60871.7,83667.3
660,Spectrogram 1,1,1294.499538391,1294.683647227,40831.7,59118.2
661,Spectrogram 1,1,1294.673957288,1294.690753182,58617.2,85671.3
662,Spectrogram 1,1,1294.776024228,1294.839977824,43336.7,60871.7
663,Spectrogram 1,1,1294.820597946,1294.860003697,62124.2,84418.8
664,Spectrogram 1,1,1294.936229487,1295.074472613,41833.7,88426.9
665,Spectrogram 1,1,1295.135842225,1295.231449620,39829.7,56112.2
666,Spectrogram 1,1,1295.283775290,1295.344498906,31062.1,39579.2
667,Spectrogram 1,1,1295.312845106,1295.356126832,50601.2,61122.2
668,Spectrogram 1,1,1295.338038946,1295.398116567,62374.7,84919.8
669,Spectrogram 1,1,1295.281837302,1295.321243053,64629.3,75400.8
670,Spectrogram 1,1,1295.274731347,1295.298633196,51102.2,58867.7
672,Spectrogram 1,1,1295.841271658,1295.872925458,46843.7,58867.7
673,Spectrogram 1,1,1295.860005539,1295.908455233,61122.2,90180.4
674,Spectrogram 1,1,1295.978222792,1296.074476183,42585.2,56112.2
675,Spectrogram 1,1,1296.143597746,1296.195277419,60871.7,79158.3
676,Spectrogram 1,1,1296.127447848,1296.151349697,46843.7,57364.7
677,Spectrogram 1,1,1296.267628962,1296.350316439,46593.2,61623.2
678,Spectrogram 1,1,1296.333520545,1296.355484406,62625.3,77154.3
679,Spectrogram 1,1,1296.512461413,1296.538947246,44839.7,60120.2
680,Spectrogram 1,1,1296.614529364,1296.696570846,39579.2,55611.2
681,Spectrogram 1,1,1296.681066944,1296.707552776,58116.2,75400.8
682,Spectrogram 1,1,1296.786364278,1296.858069824,45090.2,60621.2
683,Spectrogram 1,1,1296.925253400,1297.008586873,41082.2,54859.7
684,Spectrogram 1,1,1297.081584411,1297.128096117,47094.2,60120.2
685,Spectrogram 1,1,1297.111946219,1297.146184003,60871.7,82414.8
686,Spectrogram 1,1,1298.866470063,1298.894893883,50350.7,61623.2
687,Spectrogram 1,1,1298.894247887,1298.940759593,62124.2,85420.8
688,Spectrogram 1,1,1299.613242758,1299.639728590,64378.8,88426.9
689,Spectrogram 1,1,1299.972415385,1300.022803066,62625.3,75150.3
690,Spectrogram 1,1,1300.234044273,1300.266990065,48847.7,63877.8
691,Spectrogram 1,1,1300.252778155,1300.269574049,64378.8,88927.9
692,Spectrogram 1,1,1300.480814363,1300.618411492,39579.2,58617.2
693,Spectrogram 1,1,1300.950454479,1300.995028197,59869.7,76903.8
694,Spectrogram 1,1,1301.065443442,1301.131335025,45591.2,56362.7
695,Spectrogram 1,1,1301.119707098,1301.154590878,59118.2,77404.8
696,Spectrogram 1,1,1301.252136261,1301.310921889,43587.2,54108.2
697,Spectrogram 1,1,1301.409113268,1301.475004852,58867.7,81412.8
698,Spectrogram 1,1,1302.614541215,1302.635859081,40330.7,60120.2
699,Spectrogram 1,1,1302.621001175,1302.657176946,60871.7,79659.3
700,Spectrogram 1,1,1302.868417605,1302.918159290,42334.7,54859.7
701,Spectrogram 1,1,1302.892319454,1302.918159290,60120.2,76152.3
702,Spectrogram 1,1,1303.005367631,1303.064799256,43837.7,55611.2
703,Spectrogram 1,1,1303.136504802,1303.166220614,46593.2,58116.2
704,Spectrogram 1,1,1303.157822667,1303.169450594,61122.2,76152.3
705,Spectrogram 1,1,1303.276039920,1303.307047724,42585.2,57114.2
706,Spectrogram 1,1,1303.299295773,1303.317383658,62625.3,73897.8
707,Spectrogram 1,1,1303.405239103,1303.424618980,47344.7,59619.2
708,Spectrogram 1,1,1303.741157845,1303.761829715,61873.7,80911.8
709,Spectrogram 1,1,1304.111313505,1304.137799337,63376.8,74649.3
710,Spectrogram 1,1,1304.211442871,1304.277980451,45340.7,59118.2
711,Spectrogram 1,1,1304.475009205,1304.510538980,42835.7,55611.2
712,Spectrogram 1,1,1304.803822401,1304.836122197,43086.2,56362.7
713,Spectrogram 1,1,1304.821264291,1304.870359980,60370.7,74398.8
714,Spectrogram 1,1,1305.084184628,1305.141678265,43336.7,53106.2
715,Spectrogram 1,1,1305.108086477,1305.140386273,56362.7,73396.8
716,Spectrogram 1,1,1305.235993668,1305.314159174,43086.2,55110.2
717,Spectrogram 1,1,1305.412350553,1305.459508255,46843.7,60621.2
718,Spectrogram 1,1,1305.451110308,1305.500851994,61372.7,79158.3
719,Spectrogram 1,1,1305.582892635,1305.735993667,41833.7,58366.7
720,Spectrogram 1,1,1306.028629816,1306.046071706,44338.7,55360.7
721,Spectrogram 1,1,1306.035735771,1306.072557539,58617.2,75901.8
722,Spectrogram 1,1,1306.947883279,1307.037030715,59619.2,81913.8
723,Spectrogram 1,1,1306.941423320,1306.954343238,42585.2,53607.2
724,Spectrogram 1,1,1307.232767478,1307.279279184,40831.7,52855.7
725,Spectrogram 1,1,1307.349692738,1307.413000338,41833.7,57114.2
726,Spectrogram 1,1,1307.484707104,1307.524758851,43086.2,56613.2
727,Spectrogram 1,1,1307.593880414,1307.629410189,47344.7,60370.7
728,Spectrogram 1,1,1307.620366246,1307.663647973,60871.7,85671.3
729,Spectrogram 1,1,1307.739229495,1307.777989250,42835.7,57364.7
730,Spectrogram 1,1,1307.847756594,1307.862614500,47344.7,56613.2
731,Spectrogram 1,1,1308.491167694,1308.520237510,44088.2,56362.7
732,Spectrogram 1,1,1308.513777551,1308.562873241,59368.7,77655.3
733,Spectrogram 1,1,1308.560935253,1308.576439155,48346.7,55360.7
734,Spectrogram 1,1,1308.674630534,1308.749566060,45340.7,59619.2
735,Spectrogram 1,1,1308.737938134,1308.754088032,60871.7,75651.3
736,Spectrogram 1,1,1308.842590887,1308.913650437,41332.7,54609.2
737,Spectrogram 1,1,1308.995691919,1309.064167486,41833.7,60370.7
738,Spectrogram 1,1,1309.056415535,1309.069981449,62124.2,78156.3
739,Spectrogram 1,1,1309.155252910,1309.210808558,46342.7,56613.2
740,Spectrogram 1,1,1309.274762154,1309.327733819,47595.2,83667.3
741,Spectrogram 1,1,1309.573858263,1309.619723972,44589.2,59619.2
742,Spectrogram 1,1,1309.597760111,1309.621661960,61122.2,81913.8
743,Spectrogram 1,1,1309.697888638,1309.755382275,44839.7,59118.2
744,Spectrogram 1,1,1309.852927658,1309.896209384,47595.2,63627.3
745,Spectrogram 1,1,1309.887165442,1309.911713286,64629.3,82915.8
746,Spectrogram 1,1,1310.002798710,1310.091300151,39078.2,55611.2
747,Spectrogram 1,1,1310.370370386,1310.414298108,58366.7,76152.3
748,Spectrogram 1,1,1310.829672169,1310.855512005,47344.7,60871.7
749,Spectrogram 1,1,1310.841946091,1310.877475866,61623.2,81162.3
750,Spectrogram 1,1,1311.163652116,1311.265719470,43336.7,54358.7
751,Spectrogram 1,1,1311.513782442,1311.560940143,44589.2,60621.2
752,Spectrogram 1,1,1311.544790246,1311.593239939,62124.2,86673.3
753,Spectrogram 1,1,1311.681095384,1311.742464996,41332.7,60621.2
754,Spectrogram 1,1,1311.817400776,1311.897504269,40831.7,60120.2
755,Spectrogram 1,1,1311.989235689,1312.017013514,41833.7,55110.2
756,Spectrogram 1,1,1312.007969571,1312.022827477,59118.2,75150.3
757,Spectrogram 1,1,1312.113912901,1312.161716599,44088.2,57114.2
758,Spectrogram 1,1,1312.250218039,1312.349055414,41332.7,55110.2
759,Spectrogram 1,1,1313.719857475,1313.747635300,39829.7,54108.2
760,Spectrogram 1,1,1313.741175341,1313.788333042,56863.7,75901.8
761,Spectrogram 1,1,1314.006033666,1314.052545372,44088.2,59118.2
762,Spectrogram 1,1,1314.473732638,1314.509262414,43336.7,57364.7
763,Spectrogram 1,1,1314.505386438,1314.527350299,63376.8,76653.3
764,Spectrogram 1,1,1314.735360984,1314.780580698,46342.7,57615.2
765,Spectrogram 1,1,1314.865852159,1314.911071873,41833.7,54609.2
766,Spectrogram 1,1,1314.907195897,1314.929159759,58617.2,74649.3
767,Spectrogram 1,1,1315.148152374,1315.192080096,33567.1,53356.7
768,Spectrogram 1,1,1315.162364284,1315.208875990,55861.7,75400.8
769,Spectrogram 1,1,1315.707587337,1315.750223067,59368.7,73146.3
770,Spectrogram 1,1,1315.877484262,1315.940791862,43336.7,56112.2
771,Spectrogram 1,1,1316.048027184,1316.096476878,32815.6,53356.7
772,Spectrogram 1,1,1316.053841147,1316.100998849,54859.7,74398.8
773,Spectrogram 1,1,1316.203066204,1316.312239513,39328.7,60120.2
774,Spectrogram 1,1,1317.032522808,1317.182393861,32815.6,88426.9
775,Spectrogram 1,1,1317.575159377,1317.634591001,43086.2,79408.8
776,Spectrogram 1,1,1317.886530141,1317.917537945,51352.7,58366.7
777,Spectrogram 1,1,1317.966633634,1318.017021316,41082.2,54108.2
778,Spectrogram 1,1,1318.002163410,1318.018313307,57364.7,68637.3
779,Spectrogram 1,1,1318.343249253,1318.391698946,40581.2,56863.7
780,Spectrogram 1,1,1318.382655004,1318.400096893,58617.2,69639.3
781,Spectrogram 1,1,1318.572577803,1318.628133451,40330.7,57114.2
782,Spectrogram 1,1,1318.606169590,1318.623611480,58867.7,69639.3
783,Spectrogram 1,1,1318.710176759,1318.769608383,42334.7,57114.2
784,Spectrogram 1,1,1318.837437954,1318.914311468,41583.2,54358.7
785,Spectrogram 1,1,1318.989892990,1319.018316811,44338.7,55611.2
786,Spectrogram 1,1,1319.108756239,1319.168833859,41332.7,60871.7
787,Spectrogram 1,1,1319.145578006,1319.162373900,62625.3,80410.8
788,Spectrogram 1,1,1319.380074523,1319.448550090,42084.2,56112.2
789,Spectrogram 1,1,1319.418834278,1319.451780070,58116.2,70891.8
790,Spectrogram 1,1,1319.548678211,1319.609401827,43837.7,56613.2
791,Spectrogram 1,1,1.037296355,1.091884017,48053.5,75425.8
793,Spectrogram 1,1,52.780446128,52.793524423,44099.8,52311.4
794,Spectrogram 1,1,116.635966201,116.650181738,61131.4,75121.7
795,Spectrogram 1,1,69.400950634,69.411185821,72992.7,85158.2
796,Spectrogram 1,1,131.971706782,131.995588884,62956.2,73601.0
